2020-09-15 18:32:17
read_ini ... 
read ini start...
2020-09-15 18:32:17
--------------2020-09-15 18:33:34开始执行--------------
read_ini ... 
read ini start...
--------------2020-09-15 18:33:34执行完成--------------
--------------2020-09-15 19:20:27 开始执行--------------
read_ini ... 
read ini start...
zh2A2
--------------2020-09-15 19:20:57 开始执行--------------
read_ini ... 
read ini start...
zh2A2
(['zh2A2'], 'id,userid,gamemode,score,area_id', 'SELECT userid,gamemode,score,area_id FROM pve_profiles_1116 ORDER BY score desc', 'F:/更新数据/赛季处理/荣誉战场数据/2020年S3荣誉战场发奖test/', 'F:/更新数据/赛季处理/荣誉战场数据/2020年S3荣誉战场发奖test/sql/')
--------------2020-09-15 19:20:57 执行完成--------------
--------------2020-09-15 22:21:52 开始执行--------------
read_ini ... 
read ini start...
zh2A2
(['zh2A2'], 'id,userid,gamemode,score,area_id', 'SELECT userid,gamemode,score,area_id FROM pve_profiles_1116 ORDER BY score desc', 'F:/更新数据/赛季处理/荣誉战场数据/2020年S3荣誉战场发奖test/', 'F:/更新数据/赛季处理/荣誉战场数据/2020年S3荣誉战场发奖test/sql/')
--------------2020-09-15 22:21:52 执行完成--------------
--------------2020-09-15 22:24:46 开始执行--------------
read_ini ... 
read ini start...
zh2A2
--------------2020-09-15 22:27:16 开始执行--------------
read_ini ... 
read ini start...
zh2A2
判断排名
write write_top100_sql start...
close f1
write sql start...
close f1
(['zh2A2'], 'id,userid,gamemode,score,area_id', 'SELECT userid,gamemode,score,area_id FROM pve_profiles_1116 ORDER BY score desc', 'F:/更新数据/赛季处理/荣誉战场数据/2020年S3荣誉战场发奖test/', 'F:/更新数据/赛季处理/荣誉战场数据/2020年S3荣誉战场发奖test/sql/')
--------------2020-09-15 22:27:16 执行完成--------------
--------------2020-09-15 22:29:23 开始执行--------------
read_ini ... 
read ini start...
zh2A2
判断排名
write write_top100_sql start...
close f1
write sql start...
close f1
--------------2020-09-15 22:29:24 执行完成--------------
--------------2020-09-15 22:32:17 开始执行--------------
read_ini ... 
read ini start...
zh2A2
判断排名
baocun cheng gong
write write_top100_sql start...
close f1
write sql start...
close f1
--------------2020-09-15 22:32:18 执行完成--------------
--------------2020-09-15 22:32:40 开始执行--------------
read_ini ... 
read ini start...
zh2A2
判断排名
baocun cheng gong
write write_top100_sql start...
close f1
write sql start...
F:/更新数据/赛季处理/荣誉战场数据/2020年S3荣誉战场发奖test/sql/zh2A2.sql
[34538, 1, 300000, 4262, 1, 300000, 1240228, 1, 300000, 60954, 1, 300000, 2208276, 1, 300000, 16130, 1, 300000, 1200431, 1, 300000, 773798, 1, 300000, 14194, 1, 300000, 2048038, 1, 300000, 1252987, 1, 250000, 1243895, 1, 250000, 1014458, 1, 250000, 842993, 1, 250000, 186963, 1, 250000, 525536, 1, 250000, 2181, 1, 250000, 429821, 1, 250000, 2253857, 1, 250000, 1238072, 1, 250000, 1243176, 1, 250000, 2484298, 1, 250000, 2177690, 1, 250000, 2508205, 1, 250000, 14306, 1, 250000, 37628, 1, 250000, 901505, 1, 250000, 164228, 1, 250000, 912904, 1, 250000, 979164, 1, 250000, 788108, 1, 250000, 1948315, 1, 250000, 360794, 1, 250000, 521178, 1, 250000, 1351673, 1, 250000, 15598, 1, 250000, 37725, 1, 250000, 1283431, 1, 250000, 47, 1, 250000, 2418562, 1, 250000, 33406, 1, 250000, 1301342, 1, 250000, 58583, 1, 250000, 1857669, 1, 250000, 376830, 1, 250000, 1862666, 1, 250000, 11003, 1, 250000, 1200157, 1, 250000, 1839442, 1, 250000, 2042241, 1, 250000, 100951, 1, 250000, 2411775, 1, 250000, 2484032, 1, 250000, 882409, 1, 250000, 1836223, 1, 250000, 1246744, 1, 250000, 2034548, 1, 250000, 69950, 1, 250000, 883296, 1, 250000, 526300, 1, 250000, 83581, 1, 250000, 908372, 1, 250000, 1488285, 1, 250000, 1550395, 1, 250000, 947711, 1, 250000, 99404, 1, 250000, 1632472, 1, 250000, 365, 1, 250000, 2358001, 1, 250000, 57614, 1, 250000, 1491183, 1, 250000, 2007633, 1, 250000, 41321, 1, 250000, 56893, 1, 250000, 57990, 1, 250000, 58439, 1, 250000, 1083393, 1, 250000, 253460, 1, 250000, 2585365, 1, 250000, 140898, 1, 250000, 1252186, 1, 250000, 759820, 1, 250000, 467950, 1, 250000, 2192858, 1, 250000, 14500, 1, 250000, 1210577, 1, 250000, 34591, 1, 250000, 1631769, 1, 250000, 1096257, 1, 250000, 2589629, 1, 250000, 63847, 1, 250000, 2492757, 1, 250000, 2493808, 1, 250000, 1056334, 1, 250000, 308568, 1, 250000, 73676, 1, 250000, 79068, 1, 250000, 1240230, 1, 250000, 54038, 1, 250000, 1855754, 1, 250000, 1256413, 1, 200000, 1973930, 1, 200000, 1654546, 1, 200000, 2693066, 1, 200000, 887, 1, 200000, 1807963, 1, 200000, 81457, 1, 200000, 621121, 1, 200000, 423457, 1, 200000, 21553, 1, 200000, 113410, 1, 200000, 1749479, 1, 200000, 2947254, 1, 200000, 2281914, 1, 200000, 89533, 1, 200000, 17528, 1, 200000, 1356664, 1, 200000, 1232365, 1, 200000, 1835376, 1, 200000, 1242102, 1, 200000, 1915124, 1, 200000, 51560, 1, 200000, 257630, 1, 200000, 2304431, 1, 200000, 1864768, 1, 200000, 619856, 1, 200000, 2748980, 1, 200000, 469116, 1, 200000, 2756657, 1, 200000, 354885, 1, 200000, 2253445, 1, 200000, 52001, 1, 200000, 2529855, 1, 200000, 2513950, 1, 200000, 3022847, 1, 200000, 1542001, 1, 200000, 376165, 1, 200000, 449559, 1, 200000, 2430487, 1, 200000, 63526, 1, 200000, 1835641, 1, 200000, 658370, 1, 200000, 72885, 1, 200000, 89335, 1, 200000, 171020, 1, 200000, 50685, 1, 200000, 16094, 1, 200000, 2581964, 1, 200000, 689, 1, 200000, 2555152, 1, 200000, 1061187, 1, 200000, 70337, 1, 200000, 624442, 1, 200000, 6520, 1, 200000, 558812, 1, 200000, 2379715, 1, 200000, 2482463, 1, 200000, 1299066, 1, 200000, 91177, 1, 200000, 202566, 1, 200000, 1307373, 1, 200000, 455126, 1, 200000, 316981, 1, 200000, 1253610, 1, 200000, 57625, 1, 200000, 1820028, 1, 200000, 86404, 1, 200000, 2745776, 1, 200000, 144375, 1, 200000, 1032630, 1, 200000, 1055802, 1, 200000, 1240022, 1, 200000, 464889, 1, 200000, 2898590, 1, 200000, 101393, 1, 200000, 549728, 1, 200000, 2681989, 1, 200000, 2122934, 1, 200000, 924964, 1, 200000, 1197071, 1, 200000, 2033023, 1, 200000, 91914, 1, 200000, 2700970, 1, 200000, 189376, 1, 200000, 1082550, 1, 200000, 235017, 1, 200000, 1656146, 1, 200000, 601802, 1, 200000, 1267368, 1, 200000, 2573495, 1, 200000, 889058, 1, 200000, 548664, 1, 200000, 1160818, 1, 200000, 978093, 1, 200000, 187534, 1, 200000, 331471, 1, 200000, 971494, 1, 200000, 2277690, 1, 200000, 917701, 1, 200000, 1334951, 1, 200000, 349308, 1, 200000, 1367503, 1, 200000, 686840, 1, 200000, 263073, 1, 200000, 3044605, 1, 200000, 395042, 1, 200000, 2757295, 1, 200000, 2472308, 1, 200000, 2297031, 1, 200000, 902646, 1, 200000, 2459156, 1, 200000, 69895, 1, 200000, 1234498, 1, 200000, 34828, 1, 200000, 4543, 1, 200000, 702052, 1, 200000, 86870, 1, 200000, 531392, 1, 200000, 12254, 1, 200000, 667689, 1, 200000, 22922, 1, 200000, 2475824, 1, 200000, 57232, 1, 200000, 1396241, 1, 200000, 1542962, 1, 200000, 1557838, 1, 200000, 250739, 1, 200000, 2370626, 1, 200000, 1188618, 1, 200000, 22632, 1, 200000, 1791122, 1, 200000, 791766, 1, 200000, 549733, 1, 200000, 352528, 1, 200000, 693523, 1, 200000, 2123851, 1, 200000, 495123, 1, 200000, 56815, 1, 200000, 2868734, 1, 200000, 1431991, 1, 200000, 2188766, 1, 200000, 46484, 1, 200000, 808467, 1, 200000, 2822593, 1, 200000, 1393608, 1, 200000, 161730, 1, 200000, 692707, 1, 200000, 1048940, 1, 200000, 30052, 1, 200000, 1252721, 1, 200000, 26862, 1, 200000, 1909870, 1, 200000, 2292901, 1, 200000, 550236, 1, 200000, 90735, 1, 200000, 51769, 1, 200000, 462933, 1, 200000, 36696, 1, 200000, 2843283, 1, 200000, 1237572, 1, 200000, 1334377, 1, 200000, 1979875, 1, 200000, 350053, 1, 200000, 320174, 1, 200000, 118653, 1, 200000, 196639, 1, 200000, 1452333, 1, 200000, 10806, 1, 200000, 90662, 1, 200000, 8680, 1, 200000, 82753, 1, 200000, 260480, 1, 200000, 645346, 1, 200000, 57029, 1, 200000, 3004639, 1, 200000, 2009211, 1, 200000, 2604471, 1, 200000, 105180, 1, 200000, 2169013, 1, 200000, 166516, 1, 200000, 2654261, 1, 200000, 170600, 1, 200000, 879117, 1, 200000, 2121146, 1, 200000, 1511012, 1, 200000, 1038191, 1, 200000, 2926792, 1, 200000, 235156, 1, 200000, 1237722, 1, 200000, 1877310, 1, 200000, 29137, 1, 200000, 2011409, 1, 200000, 611001, 1, 200000, 1687527, 1, 200000, 1250584, 1, 200000, 605780, 1, 200000, 2568907, 1, 200000, 1176354, 1, 200000, 636600, 1, 200000, 1669249, 1, 200000, 205006, 1, 200000, 1510122, 1, 200000, 596655, 1, 200000, 432602, 1, 200000, 67458, 1, 200000, 997227, 1, 200000, 71757, 1, 200000, 502290, 1, 200000, 189188, 1, 200000, 966502, 1, 200000, 1952, 1, 200000, 553215, 1, 200000, 360148, 1, 200000, 349592, 1, 200000, 1882386, 1, 200000, 2557589, 1, 200000, 624623, 1, 200000, 1913103, 1, 200000, 213646, 1, 200000, 27572, 1, 200000, 2434958, 1, 200000, 1633207, 1, 200000, 1308356, 1, 200000, 2000988, 1, 200000, 1430233, 1, 200000, 2147509, 1, 200000, 1073800, 1, 200000, 2632482, 1, 200000, 1174322, 1, 200000, 2083653, 1, 200000, 1515877, 1, 200000, 75141, 1, 200000, 281327, 1, 200000, 138325, 1, 200000, 141236, 1, 200000, 45312, 1, 200000, 1049203, 1, 200000, 2267389, 1, 200000, 1326466, 1, 200000, 2175475, 1, 200000, 1006396, 1, 200000, 2113124, 1, 200000, 2279714, 1, 200000, 468364, 1, 200000, 2891212, 1, 200000, 2334143, 1, 200000, 32916, 1, 200000, 71913, 1, 200000, 27034, 1, 200000, 2611514, 1, 200000, 1158859, 1, 200000, 2132169, 1, 200000, 3067648, 1, 200000, 1526448, 1, 200000, 155400, 1, 200000, 1374206, 1, 200000, 2685568, 1, 200000, 94582, 1, 200000, 1351208, 1, 200000, 138100, 1, 200000, 53773, 1, 200000, 636716, 1, 200000, 998741, 1, 200000, 132583, 1, 200000, 1633192, 1, 200000, 1216756, 1, 200000, 45474, 1, 200000, 2871255, 1, 200000, 436539, 1, 200000, 1765807, 1, 200000, 18072, 1, 200000, 2225425, 1, 200000, 136889, 1, 200000, 189923, 1, 200000, 15406, 1, 200000, 2138765, 1, 200000, 275331, 1, 200000, 74792, 1, 200000, 1229513, 1, 200000, 1032047, 1, 200000, 2091788, 1, 200000, 758592, 1, 200000, 1240496, 1, 200000, 115965, 1, 200000, 2873340, 1, 200000, 1211624, 1, 200000, 1412441, 1, 200000, 2547483, 1, 200000, 116936, 1, 200000, 18445, 1, 200000, 435685, 1, 200000, 156919, 1, 200000, 1461978, 1, 200000, 2505902, 1, 200000, 2634278, 1, 200000, 2162057, 1, 200000, 2414992, 1, 200000, 1262017, 1, 200000, 29827, 1, 200000, 1571976, 1, 200000, 587227, 1, 200000, 2535732, 1, 200000, 32650, 1, 200000, 3857, 1, 200000, 3067946, 1, 200000, 460063, 1, 200000, 165924, 1, 200000, 559763, 1, 200000, 1622522, 1, 200000, 138607, 1, 200000, 2453224, 1, 200000, 133801, 1, 200000, 2279495, 1, 200000, 101331, 1, 200000, 2523932, 1, 200000, 1329902, 1, 200000, 172065, 1, 200000, 45844, 1, 200000, 129845, 1, 200000, 1400469, 1, 200000, 2907604, 1, 200000, 108128, 1, 200000, 179943, 1, 200000, 1927940, 1, 200000, 938, 1, 200000, 1432588, 1, 200000, 1430162, 1, 200000, 2303495, 1, 200000, 1459718, 1, 200000, 23714, 1, 200000, 1473482, 1, 200000, 101828, 1, 200000, 70016, 1, 200000, 2502156, 1, 200000, 1147437, 1, 200000, 1288229, 1, 200000, 8864, 1, 200000, 1152859, 1, 200000, 1078798, 1, 200000, 1092006, 1, 200000, 944507, 1, 200000, 1847487, 1, 200000, 11622, 1, 200000, 1395355, 1, 200000, 708604, 1, 200000, 1240871, 1, 200000, 198590, 1, 200000, 1305, 1, 200000, 646191, 1, 200000, 128469, 1, 200000, 570288, 1, 200000, 444, 1, 200000, 698647, 1, 200000, 302573, 1, 200000, 1856093, 1, 200000, 407437, 1, 200000, 1236181, 1, 200000, 957999, 1, 200000, 1851597, 1, 200000, 834826, 1, 200000, 409362, 1, 200000, 332862, 1, 200000, 1345, 1, 200000, 2541682, 1, 200000, 8211, 1, 200000, 976504, 1, 200000, 2622984, 1, 200000, 1042877, 1, 200000, 2886841, 1, 200000, 1223232, 1, 200000, 237287, 1, 200000, 2055263, 1, 200000, 1226351, 1, 200000, 1589877, 1, 200000, 1654865, 1, 200000, 238734, 1, 200000, 956755, 1, 200000, 2738587, 1, 200000, 1894285, 1, 200000, 405163, 1, 200000, 523868, 1, 200000, 25819, 1, 200000, 153817, 1, 200000, 2491492, 1, 200000, 637101, 1, 200000, 1285022, 1, 200000, 1331837, 1, 200000, 9906, 1, 200000, 177597, 1, 200000, 2776056, 1, 200000, 1238423, 1, 200000, 1658554, 1, 200000, 1513271, 1, 200000, 202226, 1, 200000, 2657222, 1, 200000, 1333992, 1, 160000, 1402930, 1, 160000, 39672, 1, 160000, 2771597, 1, 160000, 2786830, 1, 160000, 423404, 1, 160000, 1348841, 1, 160000, 2590678, 1, 160000, 161999, 1, 160000, 953944, 1, 160000, 2747299, 1, 160000, 1652898, 1, 160000, 157442, 1, 160000, 2315053, 1, 160000, 62158, 1, 160000, 1994226, 1, 160000, 420298, 1, 160000, 592403, 1, 160000, 871677, 1, 160000, 170885, 1, 160000, 142774, 1, 160000, 1514112, 1, 160000, 1183795, 1, 160000, 878629, 1, 160000, 2571313, 1, 160000, 64259, 1, 160000, 1516399, 1, 160000, 1218731, 1, 160000, 1250679, 1, 160000, 152535, 1, 160000, 1257, 1, 160000, 63266, 1, 160000, 747661, 1, 160000, 2013758, 1, 160000, 1049081, 1, 160000, 286085, 1, 160000, 411854, 1, 160000, 11653, 1, 160000, 22698, 1, 160000, 1907297, 1, 160000, 2505904, 1, 160000, 447228, 1, 160000, 1433270, 1, 160000, 1840703, 1, 160000, 138565, 1, 160000, 163073, 1, 160000, 2227000, 1, 160000, 72689, 1, 160000, 2914819, 1, 160000, 525333, 1, 160000, 6446, 1, 160000, 1066542, 1, 160000, 1127093, 1, 160000, 104974, 1, 160000, 1020953, 1, 160000, 4733, 1, 160000, 14419, 1, 160000, 24409, 1, 160000, 680182, 1, 160000, 6689, 1, 160000, 13499, 1, 160000, 238319, 1, 160000, 33172, 1, 160000, 2014821, 1, 160000, 40427, 1, 160000, 208237, 1, 160000, 587090, 1, 160000, 2805192, 1, 160000, 127555, 1, 160000, 26943, 1, 160000, 782069, 1, 160000, 1641123, 1, 160000, 1622554, 1, 160000, 2622032, 1, 160000, 1911047, 1, 160000, 1557510, 1, 160000, 36062, 1, 160000, 2515657, 1, 120000, 70937, 1, 120000, 2639165, 1, 120000, 354297, 1, 120000, 95177, 1, 120000, 1671699, 1, 120000, 1093085, 1, 120000, 412389, 1, 120000, 74012, 1, 120000, 2339667, 1, 120000, 2604318, 1, 120000, 758585, 1, 120000, 73046, 1, 120000, 3825, 1, 120000, 82924, 1, 120000, 164472, 1, 120000, 2998819, 1, 120000, 1022470, 1, 120000, 1533975, 1, 120000, 321, 1, 120000, 1676393, 1, 120000, 39253, 1, 120000, 899433, 1, 120000, 1403990, 1, 120000, 2684344, 1, 120000, 733948, 1, 120000, 197149, 1, 120000, 29643, 1, 120000, 77724, 1, 120000, 1226943, 1, 120000, 1903327, 1, 120000, 30263, 1, 120000, 1164491, 1, 120000, 1026658, 1, 120000, 123611, 1, 120000, 718289, 1, 120000, 1308052, 1, 120000, 2116706, 1, 120000, 109264, 1, 120000, 1904596, 1, 120000, 10010, 1, 120000, 1199004, 1, 120000, 1682747, 1, 120000, 160909, 1, 120000, 1250369, 1, 120000, 2063, 1, 120000, 2069598, 1, 120000, 1165789, 1, 120000, 3034684, 1, 120000, 663690, 1, 120000, 1483069, 1, 120000, 2756713, 1, 120000, 1179371, 1, 120000, 1263738, 1, 120000, 234504, 1, 120000, 1113803, 1, 120000, 2755922, 1, 120000, 1681031, 1, 120000, 3151805, 1, 120000, 2470610, 1, 120000, 194790, 1, 120000, 443388, 1, 120000, 365136, 1, 120000, 800259, 1, 120000, 22928, 1, 120000, 1618073, 1, 120000, 1240895, 1, 120000, 1785557, 1, 120000, 2658899, 1, 120000, 1257470, 1, 120000, 102512, 1, 120000, 1142935, 1, 120000, 18823, 1, 120000, 950373, 1, 120000, 225847, 1, 120000, 6236, 1, 120000, 2434985, 1, 120000, 1359856, 1, 120000, 193472, 1, 120000, 23819, 1, 120000, 419675, 1, 120000, 1397384, 1, 120000, 2307062, 1, 120000, 1327710, 1, 120000, 2450036, 1, 120000, 261131, 1, 120000, 120303, 1, 120000, 1197409, 1, 120000, 77571, 1, 120000, 1238508, 1, 120000, 850306, 1, 90000, 4215, 1, 90000, 1620113, 1, 90000, 488491, 1, 90000, 1196575, 1, 90000, 1265698, 1, 90000, 455399, 1, 90000, 192872, 1, 90000, 2864921, 1, 90000, 1238608, 1, 90000, 1213145, 1, 90000, 2578334, 1, 90000, 1347284, 1, 90000, 129339, 1, 90000, 441584, 1, 90000, 978932, 1, 90000, 30606, 1, 90000, 291982, 1, 90000, 138511, 1, 90000, 788260, 1, 90000, 1642755, 1, 90000, 980078, 1, 90000, 2433965, 1, 90000, 2779038, 1, 90000, 177425, 1, 90000, 455462, 1, 90000, 1704, 1, 90000, 1237336, 1, 90000, 293971, 1, 90000, 1400453, 1, 90000, 74234, 1, 90000, 1564012, 1, 90000, 114207, 1, 90000, 2163023, 1, 90000, 1328327, 1, 90000, 2193664, 1, 90000, 2430, 1, 90000, 97283, 1, 90000, 3713, 1, 90000, 60847, 1, 90000, 1531791, 1, 90000, 170963, 1, 90000, 2538, 1, 90000, 1514610, 1, 90000, 712204, 1, 90000, 1675459, 1, 90000, 148670, 1, 90000, 43472, 1, 90000, 191517, 1, 90000, 229711, 1, 90000, 1241726, 1, 90000, 1248985, 1, 90000, 683830, 1, 90000, 1503256, 1, 90000, 1164335, 1, 90000, 55087, 1, 90000, 2435387, 1, 90000, 58552, 1, 90000, 1389289, 1, 90000, 4871, 1, 90000, 17508, 1, 90000, 1054391, 1, 90000, 62263, 1, 90000, 2936186, 1, 90000, 160005, 1, 90000, 246453, 1, 90000, 47130, 1, 90000, 6485, 1, 90000, 158645, 1, 90000, 82572, 1, 90000, 321738, 1, 90000, 436030, 1, 90000, 1343616, 1, 90000, 466459, 1, 90000, 1843458, 1, 90000, 304444, 1, 90000, 2474161, 1, 90000, 171248, 1, 90000, 87121, 1, 90000, 268694, 1, 90000, 1109190, 1, 90000, 1658115, 1, 90000, 2474760, 1, 90000, 177890, 1, 90000, 306942, 1, 90000, 1185948, 1, 90000, 28378, 1, 60000, 3082646, 1, 60000, 95042, 1, 60000, 25357, 1, 60000, 3012012, 1, 60000, 1265338, 1, 60000, 242520, 1, 60000, 341265, 1, 60000, 471715, 1, 60000, 875951, 1, 60000, 97269, 1, 60000, 20199, 1, 60000, 2664516, 1, 60000, 42374, 1, 60000, 243428, 1, 60000, 421329, 1, 60000, 1275467, 1, 60000, 2628214, 1, 60000, 1635689, 1, 60000, 177221, 1, 60000, 1242277, 1, 60000, 2215919, 1, 60000, 639125, 1, 60000, 5879, 1, 60000, 1354803, 1, 60000, 1856733, 1, 60000, 2152829, 1, 60000, 2438844, 1, 60000, 549, 1, 60000, 375128, 1, 60000, 120756, 1, 60000, 19410, 1, 60000, 86199, 1, 60000, 1080257, 1, 60000, 2355412, 1, 60000, 44495, 1, 60000, 103734, 1, 60000, 2158000, 1, 60000, 139127, 1, 60000, 78287, 1, 60000, 128157, 1, 60000, 53645, 1, 60000, 65054, 1, 60000, 947683, 1, 60000, 3188151, 1, 60000, 1262588, 1, 60000, 972111, 1, 60000, 1377805, 1, 60000, 1307795, 1, 60000, 209313, 1, 60000, 319987, 1, 60000, 85960, 1, 60000, 12576, 1, 60000, 1954152, 1, 60000, 877091, 1, 60000, 1572721, 1, 60000, 2007763, 1, 60000, 46461, 1, 60000, 2663617, 1, 60000, 1478602, 1, 60000, 119196, 1, 60000, 1852736, 1, 60000, 456249, 1, 60000, 1243976, 1, 60000, 1555596, 1, 60000, 431656, 1, 60000, 2735995, 1, 60000, 1178822, 1, 60000, 94502, 1, 60000, 2599086, 1, 60000, 672245, 1, 60000, 2866797, 1, 60000, 2741132, 1, 60000, 6316, 1, 60000, 1242527, 1, 60000, 190318, 1, 60000, 1604371, 1, 60000, 174387, 1, 60000, 266406, 1, 60000, 76827, 1, 60000, 1326899, 1, 60000, 1829020, 1, 60000, 947111, 1, 60000, 1341617, 1, 60000, 1915440, 1, 60000, 2546301, 1, 60000, 742537, 1, 60000, 1578840, 1, 60000, 412073, 1, 60000, 2856352, 1, 60000, 1197114, 1, 60000, 73576, 1, 60000, 1513982, 1, 60000, 2436151, 1, 60000, 1261967, 1, 60000, 201435, 1, 60000, 160432, 1, 60000, 155509, 1, 60000, 2957037, 1, 60000, 86922, 1, 60000, 49864, 1, 60000, 357767, 1, 60000, 96056, 1, 60000, 118298, 1, 60000, 65562, 1, 60000, 193841, 1, 60000, 169302, 1, 60000, 935, 1, 60000, 1302600, 1, 60000, 1719973, 1, 60000, 198101, 1, 60000, 2637731, 1, 60000, 2097441, 1, 60000, 607586, 1, 60000, 2275642, 1, 60000, 25171, 1, 60000, 373, 1, 60000, 1662636, 1, 60000, 2086372, 1, 60000, 985259, 1, 60000, 1051741, 1, 60000, 189632, 1, 60000, 2102897, 1, 60000, 1452, 1, 60000, 1242285, 1, 60000, 168144, 1, 60000, 840814, 1, 60000, 2354636, 1, 60000, 189300, 1, 60000, 13559, 1, 60000, 3158941, 1, 60000, 24286, 1, 60000, 513644, 1, 60000, 131875, 1, 60000, 1678423, 1, 60000, 2769326, 1, 60000, 490050, 1, 60000, 1407927, 1, 60000, 5242, 1, 60000, 1492292, 1, 60000, 35922, 1, 60000, 1238647, 1, 30000, 2050196, 1, 30000, 2547317, 1, 30000, 421419, 1, 30000, 1609848, 1, 30000, 69295, 1, 30000, 1535766, 1, 30000, 163411, 1, 30000, 2112190, 1, 30000, 2570834, 1, 30000, 473601, 1, 30000, 2345556, 1, 30000, 1678950, 1, 30000, 348356, 1, 30000, 903957, 1, 30000, 185123, 1, 30000, 47247, 1, 30000, 2149544, 1, 30000, 2112804, 1, 30000, 116915, 1, 30000, 18373, 1, 30000, 3137769, 1, 30000, 68752, 1, 30000, 1496244, 1, 30000, 2275818, 1, 30000, 670477, 1, 30000, 2505956, 1, 30000, 105494, 1, 30000, 1626480, 1, 30000, 70001, 1, 30000, 2769128, 1, 30000, 483784, 1, 30000, 195133, 1, 30000, 985621, 1, 30000, 1031050, 1, 30000, 154418, 1, 30000, 2319221, 1, 30000, 166385, 1, 30000, 2084980, 1, 30000, 608843, 1, 30000, 42664, 1, 30000, 467416, 1, 30000, 1236337, 1, 30000, 524970, 1, 30000, 141242, 1, 30000, 475496, 1, 30000, 1550080, 1, 30000, 968486, 1, 30000, 1385800, 1, 30000, 3062200, 1, 30000, 1513864, 1, 30000, 1309604, 1, 30000, 238927, 1, 30000, 246556, 1, 30000, 1456140, 1, 30000, 22029, 1, 30000, 675740, 1, 30000, 995387, 1, 30000, 183685, 1, 30000, 303810, 1, 30000, 2141892, 1, 30000, 65073, 1, 30000, 880071, 1, 30000, 641169, 1, 30000, 7538, 1, 30000, 1009858, 1, 30000, 932545, 1, 30000, 650407, 1, 30000, 261635, 1, 30000, 86228, 1, 30000, 1132838, 1, 30000, 2467826, 1, 30000, 148413, 1, 30000, 1762051, 1, 30000, 191732, 1, 30000, 2586990, 1, 30000, 1307769, 1, 30000, 1009234, 1, 30000, 1272122, 1, 30000, 8469, 1, 30000, 892043, 1, 30000, 238805, 1, 30000, 35263, 1, 30000, 2169276, 1, 30000, 258780, 1, 30000, 1997519, 1, 30000, 275824, 1, 30000, 2508612, 1, 30000, 1287776, 1, 30000, 100711, 1, 30000, 971177, 1, 30000, 1575440, 1, 30000, 988449, 1, 30000, 1109655, 1, 30000, 2682461, 1, 30000, 1905544, 1, 30000, 36508, 1, 30000, 2341737, 1, 30000, 1187808, 1, 30000, 411816, 1, 30000, 309577, 1, 30000, 445697, 1, 30000, 202047, 1, 30000, 288348, 1, 30000, 2221850, 1, 30000, 280900, 1, 30000, 496235, 1, 30000, 291336, 1, 30000, 1450004, 1, 30000, 1620808, 1, 30000, 2697975, 1, 30000, 2645169, 1, 30000, 24916, 1, 30000, 1024145, 1, 30000, 270221, 1, 30000, 489982, 1, 30000, 447546, 1, 30000, 137449, 1, 30000, 14837, 1, 30000, 3147975, 1, 30000, 1396708, 1, 30000, 840815, 1, 30000, 1285251, 1, 30000, 142494, 1, 30000, 354529, 1, 30000, 870546, 1, 30000, 30149, 1, 30000, 124436, 1, 30000, 166461, 1, 30000, 1841610, 1, 30000, 1764596, 1, 30000, 1505825, 1, 30000, 93693, 1, 30000, 2747347, 1, 30000, 1347219, 1, 30000, 783495, 1, 30000, 1651, 1, 30000, 3023306, 1, 30000, 1619503, 1, 30000, 950088, 1, 30000, 172274, 1, 30000, 2202525, 1, 30000, 1836019, 1, 30000, 1451867, 1, 30000, 15626, 1, 30000, 2223317, 1, 30000, 1379439, 1, 30000, 2706408, 1, 30000, 2303, 1, 30000, 2525189, 1, 30000, 490932, 1, 30000, 1084051, 1, 30000, 1507843, 1, 30000, 1313823, 1, 30000, 1681568, 1, 30000, 1723, 1, 30000, 153, 1, 30000, 61665, 1, 30000, 1140909, 1, 30000, 239881, 1, 30000, 980788, 1, 30000, 948449, 1, 30000, 2818368, 1, 30000, 66692, 1, 30000, 2290559, 1, 30000, 2540041, 1, 30000, 100376, 1, 30000, 3191019, 1, 30000, 1412888, 1, 30000, 2368354, 1, 30000, 1373370, 1, 30000, 2536176, 1, 30000, 2140551, 1, 30000, 609461, 1, 30000, 3178707, 1, 30000, 1285073, 1, 30000, 1633789, 1, 30000, 429647, 1, 30000]
close f1
--------------2020-09-15 22:32:41 执行完成--------------
