6833313
6833320
6833448
6833652
6833752
6833792
6833878
6834008
6834046
6834048
6834098
6834199
6834219
6834296
6834370
6834430
6834619
6834661
6834713
6834751
6834835
6834926
6835190
6835204
6835304
6835503
6835911
6835956
6835978
6836211
6836230
6836232
6836325
6836479
6836622
6836646
6836672
6836921
6837036
6837076
6837168
6837180
6837335
6837418
6837584
6837644
6837647
6837773
6837838
6837933
6837944
6837996
6838168
6838221
6838552
6838667
6838692
6839061
6839366
6839797
6839944
6840001
6840177
6840184
6840276
6840499
6840511
6840822
6840882
6841023
6841271
6841373
6841382
6841395
6841531
6841831
6841853
6841917
6842240
6842379
6842425
6842434
6842792
6842798
6842871
6843401
6843516
6843827
6843925
6844334
6844701
6844966
6845109
6845119
6845150
6845165
6845480
6845552
6845568
6845593
6845671
6845856
6845867
6846197
6846419
6847022
6847272
6847338
6847568
6847751
6848069
6848254
6848260
6848542
6848823
6849100
6849298
6849512
6849694
6849745
6849774
6849810
6849839
6850512
6850642
6851063
6851557
6851733
6851840
6851862
6852136
6852583
6852639
6852687
6852767
6852807
6852871
6853052
6853124
6853238
6853296
6853997
6854531
6854675
6854772
6854816
6854837
6855034
6855035
6855045
6855137
6855156
6855330
6855882
6856394
6856481
6856708
6856926
6856959
6857069
6857274
6858007
6858012
6858242
6858313
6858415
6858712
6858842
6858843
6859036
6859089
6859855
6860162
6860276
6860657
6860783
6860841
6861288
6861684
6861887
6861907
6861909
6862332
6862624
6862650
6862750
6862833
6862941
6863248
6863263
6863407
6863654
6864124
6864311
6864447
6864504
6864516
6864585
6865131
6865540
6865638
6866368
6866593
6867043
6867095
6867192
6867202
6867255
6867276
6867325
6868518
6869128
6869526
6870008
6870174
6870267
6870531
6870666
6870716
6870882
6871028
6871090
6871611
6871788
6872522
6872747
6872913
6873278
6873360
6873421
6874041
6874233
6874552
6874648
6874664
6875285
6876079
6876743
6876918
6877524
6877638
6877931
6878048
6878674
6878759
6878927
6879417
6880007
6880328
6880950
6881069
6881106
6881312
6882028
6882510
6882830
6883024
6883177
6883396
6883554
6883712
6883739
6884258
6885504
6885548
6886065
6887073
6887434
6887898
6887907
6888543
6889133
6889201
6889557
6890136
6890254
6891075
6891110
6891561
6892164
6893273
6894213
6894489
6894791
6894863
6894994
6895152
6895498
6895976
6896060
6896153
6896926
6897057
6897356
6897480
6897800
6898057
6898500
6898605
6898874
6899254
6899264
6899266
6899495
6899687
6899852
6899870
6899901
6900805
6901171
6901727
6901728
6902605
6903050
6903800
6904078
6904229
6904679
6905018
6905240
6905316
6905744
6906176
6906529
6906656
6906734
6906769
6906811
6907209
6907332
6907444
6907445
6907454
6908580
6908681
6909119
6909163
6909330
6909553
6909626
6909795
6910088
6910139
6910592
6910596
6910614
6911445
6911447
6911739
6911925
6911934
6912256
6912625
6912909
6912923
6913040
6913259
6913275
6913388
6913625
6913947
6914424
6914551
6914572
6914627
6915145
6915149
6915186
6915346
6915683
6916350
6916609
6916747
6917054
6917162
6917577
6917730
6917994
6918119
6918215
6918250
6918291
6918390
6918647
6918881
6919376
6919678
6919693
6920449
6920509
6921044
6921179
6921389
6921450
6921530
6921567
6921739
6921851
6921884
6922095
6922314
6922352
6923188
6923235
6923823
6923909
6924043
6924246
6925220
6925330
6925453
6925734
6925962
6925999
6926529
6927168
6927333
6928103
6928464
6928570
6928889
6929246
6929294
6929579
6929819
6929967
6930177
6930435
6930784
6931092
6931267
6931623
6931633
6932311
6933040
6933546
6933688
6933748
6934303
6934887
6937356
6938048
6938743
6938927
6939046
6939162
6939717
6940799
6942176
6942343
6942581
6942702
6942777
6943200
6943357
6944188
6944309
6945302
6946219
6946357
6946528
6946973
6946979
6947243
6948751
6950401
6950866
6950927
6951362
6951619
6951729
6951822
6953004
6953037
6953256
6953514
6953968
6954115
6955010
6955299
6956286
6956936
6957371
6957552
6957962
6958780
6958826
6958963
6959165
6959565
6959726
6959831
6959853
6960168
6960829
6960869
6960879
6961836
6961894
6963653
6965650
6965906
6966887
6967317
6967473
6968422
6968747
6969461
6970736
6971408
6971902
6972650
6972848
6973401
6973550
6974504
6974607
6975642
6976029
6976084
6976959
6977057
6977592
6977959
6978001
6978149
6978407
6978756
6979469
6979520
6980160
6980579
6980602
6981384
6981842
6983291
6983299
6983385
6983565
6983865
6984767
6984776
6984784
6985560
6985857
6986030
6986819
6986870
6987206
6987527
6988207
6988527
6988967
6989271
6990094
6990141
6990641
6990753
6990981
6994038
6995694
6996372
6996523
6996754
6997151
6997162
6997867
6997966
6998067
6998119
6998285
6998332
6998656
6998677
6999008
6999334
6999900
7000292
7000358
7001158
7001247
7001272
7001526
7001807
7002199
7003194
7003336
7003625
7004296
7004862
7004872
7005309
7005807
7005892
7006285
7008698
7008882
7009032
7009128
7009408
7011519
7011543
7011803
7013061
7014188
7014427
7014793
7015625
7016005
7016664
7017673
7018148
7018258
7018385
7018587
7018688
7019109
7019458
7019568
7019740
7020652
7020732
7020890
7021413
7022280
7022325
7022530
7023037
7023629
7023780
7024201
7025032
7025282
7025576
7026587
7026676
7027570
7028605
7028891
7028922
7029065
7030267
7030522
7031238
7031490
7031517
7032337
7033977
7034459
7034653
7034716
7035095
7035633
7036334
7037661
7038619
7038754
7038765
7038867
7039129
7039355
7039960
7040015
7040182
7040440
7040946
7041190
7041302
7042043
7042128
7042212
7042255
7042337
7042427
7042571
7042885
7042996
7043593
7043714
7044927
7045341
7046085
7046274
7046637
7046753
7046834
7047560
7047745
7048102
7048419
7048950
7049203
7049762
7049805
7050137
7050265
7050396
7050641
7051356
7051769
7052253
7052561
7053290
7053368
7053766
7053882
7053947
7054155
7054287
7054636
7054701
7056251
7057237
7057258
7057468
7057886
7057946
7059288
7059294
7059731
7059760
7059772
7060258
7060570
7060766
7060868
7061791
7061851
7062311
7062327
7063269
7063368
7063402
7063669
7063797
7064372
7064607
7065914
7066655
7066731
7067259
7067803
7068512
7068917
7069542
7070091
7072113
7072115
7072366
7073303
7074335
7075166
7075199
7075382
7077643
7077707
7078030
7078384
7079191
7079194
7080505
7080988
7081106
7081490
7081863
7082268
7083307
7083703
7084339
7084367
7084509
7085174
7085286
7085611
7085804
7085931
7086214
7087349
7087599
7087609
7087998
7088393
7088462
7088640
7088758
7089498
7089758
7090078
7091055
7092231
7092741
7093643
7094545
7094949
7096007
7097010
7098218
7098403
7098519
7099751
7099789
7100473
7100962
7101894
7104376
7107017
7107563
7107980
7108321
7109695
7109926
7110654
7112285
7112330
7112402
7112797
7112826
7113349
7113581
7113594
7114105
7114442
7115078
7115401
7115436
7116744
7117014
7117152
7117747
7118754
7118856
7119648
7120658
7120756
7120820
7121133
7121427
7121613
7122402
7123043
7123454
7123663
7124600
7126061
7126180
7127301
7127941
7128246
7129967
7130125
7131647
7131726
7131814
7133580
7133786
7133827
7134246
7134716
7136074
7137484
7139133
7139234
7140117
7140142
7140582
7140714
7142990
7143677
7143791
7144099
7144597
7145490
7146160
7146268
7148740
7148923
7149911
7149989
7150009
7150122
7150382
7150494
7150594
7150814
7150848
7151508
7151648
7151808
7152085
7152346
7153707
7154853
7155662
7155926
7156036
7156269
7157857
7157898
7157995
7159047
7160943
7161769
7162338
7162828
7163727
7164990
7165965
7166318
7166441
7166710
7167365
7167827
7167908
7168702
7168745
7168915
7168920
7169092
7169337
7169959
7171571
7172503
7172528
7173152
7173294
7173396
7175153
7175253
7175922
7176232
7176304
7176353
7177316
7178552
7179237
7179937
7179954
7180446
7180600
7180746
7181098
7181100
7181405
7182358
7182752
7182920
7184071
7184092
7184141
7184166
7184517
7184549
7185684
7185975
7186148
7186162
7186581
7190193
7190450
7190891
7191153
7191636
7191928
7191966
7192501
7192643
7193234
7193334
7193356
7193882
7195592
7195717
7196079
7197580
7197643
7197963
7198203
7200022
7200180
7200440
7200671
7201160
7201925
7202394
7202617
7202712
7203590
7203899
7204527
7204644
7205504
7206217
7206405
7207218
7207250
7207577
7207585
7208508
7208824
7210971
7211248
7213151
7213554
7215829
7216406
7217025
7217422
7217732
7218279
7219327
7219827
7220097
7220126
7220832
7220950
7223558
7223869
7225574
7225843
7225901
7226097
7226941
7227036
7227116
7228434
7229500
7229865
7230145
7231168
7231972
7232461
7232781
7233044
7233930
7234163
7234585
7235473
7236587
7237499
7237877
7238692
7238732
7239589
7240808
7241090
7241962
7242458
7242836
7243527
7243684
7244109
7244279
7244307
7244799
7244866
7245331
7245958
7246742
7246875
7247083
7247952
7248424
7248795
7250995
7253767
7254648
7258996
7259079
7260626
7260956
7261554
7262981
7263785
7263803
7264087
7264098
7265082
7265298
7265327
7266188
7266581
7266869
7267395
7267610
7268137
7268508
7268793
7270189
7271038
7271702
7272406
7272449
7273241
7273638
7273787
7275336
7277124
7277683
7277694
7278014
7279669
7280617
7281016
7281216
7281278
7283047
7283832
7284061
7284464
7284905
7286024
7286149
7286169
7286580
7287066
7289174
7289193
7289425
7290125
7290338
7290442
7291042
7291091
7291179
7292435
7293179
7293464
7293546
7294088
7294723
7294781
7294847
7295227
7297907
7297987
7298892
7299836
7300205
7301666
7301722
7301759
7301829
7302174
7302693
7303068
7303309
7304202
7305362
7306235
7308379
7308838
7309031
7310512
7310671
7311284
7311500
7312354
7312504
7312828
7313173
7315711
7318561
7318588
7319109
7319795
7319973
7320042
7320301
7321125
7321921
7322123
7323233
7325599
7326768
7328618
7328796
7329700
7329866
7330470
7331440
7331466
7333510
7335680
7335865
7336734
7337308
7338612
7338720
7339105
7340139
7340421
7340894
7340897
7341116
7341280
7341318
7341327
7342295
7342339
7342556
7343031
7343408
7343713
7344245
7344592
7346398
7346634
7348029
7348670
7348946
7349754
7349848
7350093
7350108
7350521
7351710
7352231
7352533
7353453
7354618
7355528
7356040
7356232
7356237
7357297
7357633
7359301
7360575
7362675
7362869
7363038
7363132
7363456
7364158
7364188
7364646
7364651
7364795
7364851
7366141
7368427
7369465
7370544
7371115
7371745
7373054
7375105
7375278
7375788
7376294
7376482
7376611
7377560
7377828
7378138
7378872
7380003
7380174
7380427
7381735
7381819
7382252
7383365
7383799
7385061
7385448
7385704
7385769
7387188
7387818
7388587
7390124
7390773
7391090
7391517
7391657
7392684
7392738
7392989
7393558
7396234
7396607
7396893
7398367
7398662
7399082
7400197
7401327
7401501
7401646
7402243
7402730
7404764
7405039
7405188
7405327
7405772
7406506
7408878
7409770
7409816
7410097
7410245
7411242
7411357
7412819
7412918
7412987
7413712
7414645
7416479
7416860
7418921
7419393
7420461
7420775
7421789
7422622
7422729
7423056
7424879
7424930
7425308
7425811
7425853
7426484
7428698
7428900
7429049
7430716
7430773
7431434
7432063
7432270
7432499
7432672
7433296
7433669
7433989
7435289
7435870
7436682
7439140
7439703
7440250
7440314
7440507
7443400
7444614
7444839
7446284
7447666
7448056
7448118
7448136
7448793
7451005
7451527
7451755
7452289
7452527
7454178
7454790
7455338
7456811
7457313
7457350
7458657
7458740
7459579
7459767
7461728
7462101
7462237
7463913
7464089
7464130
7464981
7465734
7466514
7467610
7467641
7468180
7469251
7470808
7472354
7473208
7473390
7473539
7473893
7474684
7475673
7476284
7476964
7477219
7477227
7477688
7479410
7479430
7479614
7480507
7480963
7481374
7482894
7483273
7484891
7484977
7485553
7486151
7487233
7487238
7487437
7487505
7489145
7489982
7492147
7493344
7494027
7495171
7496084
7496312
7498765
7499632
7499917
7500115
7500176
7500918
7501068
7501951
7502135
7502767
7503786
7504351
7504414
7505248
7506381
7508680
7511101
7512527
7514951
7515600
7515898
7517896
7518388
7518473
7518944
7519357
7519512
7521020
7523826
7524010
7524413
7524646
7525685
7525788
7527153
7527187
7527524
7528576
7528833
7529458
7531860
7531984
7532398
7535192
7535589
7535873
7536572
7537160
7537812
7538117
7540309
7540391
7541685
7541713
7543160
7544265
7546973
7547393
7549058
7549084
7550499
7550653
7551817
7554441
7556920
7558575
7558583
7560525
7562715
7562941
7565423
7565571
7566197
7566561
7567214
7567492
7567499
7567820
7568308
7568369
7568866
7573333
7573542
7575007
7575099
7576058
7577645
7578074
7578816
7580220
7580579
7581217
7581367
7581643
7581856
7581945
7582831
7585387
7585679
7586206
7587989
7591840
7593463
7593637
7594900
7595261
7596226
7596463
7598409
7599033
7599428
7600027
7601524
7601872
7603257
7604587
7604738
7606354
7607750
7608835
7611163
7611809
7612292
7613893
7614826
7615603
7617029
7618182
7620730
7621144
7621906
7622747
7623113
7624520
7625288
7626333
7630275
7631339
7631709
7631800
7631878
7632921
7633124
7633406
7633939
7634003
7634091
7634617
7635206
7635222
7636257
7638750
7641052
7644163
7644355
7645123
7645941
7646519
7648042
7648763
7648779
7649438
7650030
7651249
7652334
7652657
7653313
7654337
7655939
7656024
7656656
7656900
7657204
7657956
7658671
7662579
7662642
7663406
7664467
7666417
7666609
7667968
7668133
7668628
7669508
7670536
7670776
7672240
7674460
7675215
7675446
7675966
7678751
7679436
7679658
7680104
7680369
7680948
7681393
7682803
7683446
7685475
7685500
7685595
7686300
7686342
7686691
7687473
7689226
7690912
7691639
7691728
7691977
7692195
7692477
7693320
7701392
7703217
7703736
7704016
7705504
7707408
7708919
7710069
7710953
7712405
7712829
7713437
7713688
7713816
7714882
7715407
7716050
7716833
7716976
7717725
7718569
7720309
7721713
7722029
7722559
7724378
7724460
7724513
7725489
7727421
7727586
7727611
7727960
7729401
7729852
7729982
7731081
7733142
7733743
7733981
7734284
7735756
7739338
7740259
7740376
7741209
7741606
7741734
7741924
7743023
7743589
7743805
7744384
7745220
7745991
7746335
7746854
7747439
7747720
7748124
7748500
7748545
7749291
7749654
7749874
7750460
7750666
7752817
7754364
7754918
7755456
7758595
7759257
7759450
7759576
7760637
7762571
7762704
7767679
7767772
7768214
7769021
7770294
7772366
7773178
7775524
7779599
7780549
7780793
7781446
7783243
7783633
7784356
7784472
7785056
7785508
7788254
7788395
7788523
7788855
7789511
7789962
7791342
7792290
7792293
7795394
7795875
7796663
7796826
7796985
7797668
7798152
7798510
7799351
7800531
7802512
7802920
7802948
7805318
7805790
7807636
7807863
7808793
7810268
7812264
7813358
7813442
7813729
7814176
7815224
7815516
7816022
7816795
7817361
7817927
7818077
7818162
7819269
7819276
7820296
7820446
7820742
7822068
7824997
7825754
7827639
7828701
7829143
7830955
7832355
7832540
7833292
7833561
7834100
7835573
7838786
7839037
7839223
7839270
7839301
7839345
7840314
7842802
7843099
7843284
7844880
7845255
7846075
7848228
7848319
7848408
7848704
7849111
7849676
7849929
7851757
7852359
7853132
7855048
7855674
7856935
7857025
7857243
7857642
7857814
7859574
7860218
7860590
7860615
7862326
7862775
7863297
7863782
7863826
7865295
7865753
7865841
7866450
7866545
7867275
7867554
7867897
7869597
7871118
7871239
7871414
7871942
7872049
7872991
7873235
7873853
7876686
7877526
7880557
7882203
7882531
7882916
7882999
7883232
7883712
7884518
7884954
7885658
7886864
7887374
7888382
7889325
7890331
7890411
7891154
7892108
7892115
7892156
7893700
7893841
7893955
7894164
7894571
7894728
7897389
7897533
7897590
7897767
7898449
7898529
7899016
7899715
7899878
7900214
7901412
7902088
7902335
7902373
7903217
7903908
7904343
7904666
7905112
7906012
7906299
7906712
7907950
7908066
7908884
7909541
7910017
7910988
7911379
7912049
7912162
7912163
7913482
7913690
7913964
7914409
7914946
7915834
7917187
7919197
7919664
7919827
7920178
7920608
7921109
7921196
7922659
7923083
7923326
7923949
7924143
7925995
7926621
7927157
7929567
7929732
7930076
7930660
7931082
7931334
7932658
7933567
7933806
7933893
7934086
7936576
7937270
7938777
7940802
7942881
7942989
7943188
7943609
7946139
7946668
7948163
7948710
7949125
7949941
7950088
7950525
7950556
7952173
7953631
7954488
7957296
7958705
7958709
7959105
7959497
7959695
7960396
7960838
7961139
7961208
7961390
7962252
7962884
7963084
7965558
7966583
7968167
7968535
7969533
7969940
7970759
7971665
7972759
7973813
7976298
7976678
7976793
7977552
7978082
7978403
7979714
7980076
7981396
7981872
7982346
7983010
7983687
7984441
7984774
7985140
7985227
7985983
7986469
7986527
7986534
7986833
7987275
7988108
7990187
7991387
7991396
7991478
7991731
7992194
7993519
7993732
7993837
7993985
7994944
7996145
7997335
7997466
7999192
8000396
8000509
8001152
8002106
8003617
8004623
8005537
8006695
8007038
8007726
8011135
8011336
8012986
8014110
8014802
8015165
8016508
8017329
8019865
8020928
8022355
8022705
8022780
8023230
8023301
8023380
8026252
8026457
8026766
8027053
8028765
8029877
8031810
8032102
8033051
8033516
8035290
8036010
8037256
8038931
8039765
8040335
8040863
8041192
8041340
8044993
8046326
8047071
8051440
8051602
8052967
8053989
8056447
8057082
8057421
8057659
8057711
8058007
8058704
8059040
8059729
8059999
8060453
8062286
8063867
8064960
8065074
8065545
8065551
8066955
8067090
8067398
8068566
8069431
8069536
8069736
8071185
8071294
8071507
8071729
8072421
8072571
8073458
8074459
8075033
8076717
8077081
8077822
8078586
8080523
8083762
8085031
8085051
8087446
8087743
8088803
8089200
8090028
8091978
8092289
8092962
8096967
8097011
8097068
8097410
8099882
8100172
8103203
8104323
8105326
8106752
8106843
8106917
8107973
8107980
8108147
8110679
8111282
8111432
8113550
8114753
8118817
8118954
8119604
8119943
8120683
8121772
8122155
8122273
8122516
8123436
8124423
8125700
8125931
8127082
8127596
8129242
8129648
8129814
8130255
8130354
8130449
8132307
8132480
8132750
8132752
8134166
8134756
8134888
8135846
8135919
8135994
8138556
8139787
8140243
8140362
8140907
8140985
8141797
8143953
8144417
8145123
8145574
8147289
8147473
8147787
8147943
8148134
8148187
8150153
8151789
8154303
8154525
8154812
8156573
8157404
8157917
8158002
8159256
8159785
8161433
8162415
8162422
8163016
8163779
8164446
8165232
8165357
8167304
8170486
8170732
8171465
8172930
8179846
8181470
8182395
8182748
8183471
8183611
8184419
8184615
8185356
8186240
8186329
8187306
8188340
8189656
8189983
8190308
8190664
8192341
8193122
8193878
8194681
8194882
8196892
8196998
8197091
8198654
8198913
8202036
8202749
8202821
8203020
8203720
8204842
8206297
8206529
8208451
8208953
8209461
8210383
8210909
8212614
8212736
8213888
8214463
8214799
8215540
8215973
8217778
8220398
8221339
8221998
8223067
8227817
8228438
8228483
8231553
8233627
8234095
8234202
8235016
8236046
8236640
8236733
8236801
8237167
8239022
8239447
8241171
8243011
8243124
8244283
8244907
8245268
8247928
8249954
8253977
8254392
8257573
8257598
8258797
8260792
8261841
8262526
8263769
8266708
8267355
8269507
8269561
8270531
8270953
8271409
8272126
8272259
8272739
8276107
8277395
8277975
8279572
8280752
8281417
8283692
8284549
8284709
8285039
8288977
8289553
8290318
8290713
8290762
8291626
8292952
8294376
8294629
8295351
8296149
8297459
8297530
8298192
8298300
8298823
8299838
8300125
8302439
8304991
8305098
8305547
8307214
8307450
8307768
8309423
8310533
8311079
8316610
8317370
8318345
8319851
8320133
8320447
8323523
8324676
8327768
8331441
8332275
8337175
8337702
8339577
8339633
8345402
8345985
8347680
8351580
8351757
8353101
8353240
8354536
8354722
8356313
8357482
8359517
8362635
8362930
8364172
8364407
8364911
8366397
8366474
8366937
8371667
8371878
8372120
8372268
8372725
8373183
8373456
8374335
8375330
8375907
8375964
8376199
8380009
8381156
8381911
8381968
8383441
8384530
8384561
8387601
8388366
8388694
8389512
8390065
8390325
8390342
8391174
8391539
8391630
8392132
8393806
8396214
8396946
8404315
8405353
8405545
8406597
8406805
8406930
8408766
8408865
8409479
8410579
8410753
8413856
8414584
8415593
8416623
8418385
8419134
8419927
8421854
8421990
8424149
8425700
8425808
8426947
8430680
8431361
8431800
8431838
8432217
8432341
8432443
8432527
8432741
8432783
8433178
8434640
8437095
8440157
8441092
8443052
8443433
8445066
8446390
8449159
8449501
8450195
8453078
8453705
8455084
8455229
8455747
8455966
8459003
8460535
8460669
8460737
8460833
8460908
8462049
8462053
8462377
8462461
8463034
8463177
8464664
8464825
8464905
8465146
8466313
8466855
8467614
8469424
8469492
8472153
8472485
8472555
8482928
8483976
8485755
8486099
8488226
8488719
8488840
8491410
8491481
8492211
8492830
8493483
8495111
8495786
8496022
8497848
8497900
8498128
8499162
8504682
8505068
8505524
8505581
8506497
8508813
8509941
8511515
8511527
8512177
8512301
8513007
8514380
8515363
8515507
8516709
8517615
8520624
8521185
8521354
8521391
8521398
8521669
8521905
8522735
8523629
8526150
8526235
8526557
8528046
8528551
8530111
8531746
8531770
8532081
8532661
8532879
8533125
8534749
8535432
8537283
8538747
8539272
8539911
8540057
8540831
8541923
8542495
8542508
8543263
8546315
8548652
8549433
8549504
8550135
8550291
8555865
8557175
8557299
8557726
8558007
8558246
8562045
8563976
8564534
8565271
8566402
8567156
8567891
8568321
8568447
8569634
8569794
8570986
8574956
8575821
8576856
8577138
8577277
8577506
8579764
8581532
8582549
8583964
8583972
8584220
8586315
8586971
8589582
8591280
8592017
8592164
8592376
8592384
8592515
8592764
8596925
8597413
8598633
8599031
8601328
8601574
8602396
8605192
8605537
8605644
8606093
8609343
8609787
8610140
8610608
8615147
8615308
8615366
8615882
8615917
8618291
8619136
8619930
8623197
8623670
8627421
8628102
8628524
8640879
8644693
8644756
8644847
8647802
8648513
8651329
8652831
8652911
8654870
8657056
8658612
8659272
8659305
8661385
8662258
8662455
8665408
8665497
8665775
8668702
8668822
8669591
8669786
8671095
8671270
8671467
8671800
8671919
8672036
8672198
8672559
8672701
8676994
8678955
8679449
8681508
8681727
8682487
8684013
8688089
8692122
8692213
8692597
8697646
8699918
8700436
8701245
8702424
8704744
8706173
8707391
8709372
8710236
8710853
8711480
8712077
8713124
8714165
8714336
8714487
8714510
8715601
8715856
8717772
8717855
8718042
8718970
8719034
8719655
8720257
8721467
8721531
8721565
8721885
8722260
8722990
8724870
8724965
8725667
8727694
8730003
8732791
8733664
8734008
8734678
8735327
8736992
8737603
8737902
8739341
8739627
8741534
8741776
8743337
8743881
8745144
8745170
8746166
8748505
8750754
8752219
8752225
8752425
8754683
8756784
8757435
8757455
8757573
8757646
8760395
8760680
8763026
8764235
8765312
8765407
8765536
8765736
8766957
8767100
8768815
8769229
8769502
8773853
8776881
8777078
8777702
8780378
8781850
8782041
8782142
8782431
8782707
8782846
8784825
8785913
8786164
8789401
8789461
8789520
8791072
8792037
8792659
8795830
8797270
8800743
8801383
8801481
8803116
8804555
8804732
8806920
8807126
8812102
8814691
8818931
8818975
8820001
8822254
8826229
8827677
8827707
8829678
8829843
8830601
8831028
8833786
8834645
8835781
8836856
8837780
8838000
8839146
8839879
8841569
8841730
8841834
8844887
8845030
8845163
8845259
8845794
8847546
8848295
8848836
8848998
8850376
8851595
8852485
8852912
8853666
8853823
8854101
8855050
8855648
8856603
8857224
8858063
8858811
8860310
8860665
8861561
8862708
8863052
8864701
8864970
8865043
8865485
8866541
8867129
8867159
8868091
8868498
8869865
8869946
8869981
8871227
8871608
8872279
8873825
8874050
8874052
8875361
8875695
8876682
8877601
8877801
8883815
8883954
8884199
8884416
8886286
8886786
8886815
8887255
8887444
8888186
8888663
8892330
8894595
8895242
8895793
8895868
8897853
8899787
8900157
8901269
8901594
8901957
8903255
8903609
8904418
8906292
8907233
8911273
8912433
8915682
8916788
8916899
8917628
8917706
8919985
8920476
8921849
8922558
8922891
8923568
8923941
8925607
8925705
8926063
8926539
8927076
8927763
8928265
8930525
8932739
8933117
8936370
8937281
8937772
8938080
8939725
8940135
8940804
8940929
8943468
8943702
8943868
8945160
8950648
8953010
8953918
8954290
8954729
8955973
8959512
8959718
8959781
8962828
8963437
8970880
8973385
8974066
8975303
8978291
8979066
8979464
8982998
8984934
8986125
8986356
8988406
8988453
8989513
8990899
8992019
8992896
8993542
8996671
9002142
9003639
9009159
9009845
9010023
9011713
9012284
9013118
9016963
9021827
9022287
9022751
9023169
9023227
9025732
9026440
9027286
9029422
9029536
9029623
9032712
9033556
9034747
9039848
9040745
9042098
9042526
9045090
9045302
9046312
9047163
9047466
9048572
9048809
9049185
9050336
9052171
9052472
9053336
9054861
9058788
9060512
9061408
9062472
9062892
9063166
9063421
9063942
9064869
9065106
9066620
9068824
9069544
9069773
9070922
9071481
9071567
9071749
9073380
9073538
9075399
9076517
9077206
9077903
9078872
9079354
9081921
9085580
9086285
9087065
9089856
9092158
9094364
9095273
9096873
9097070
9097741
9098818
9098855
9100996
9101803
9102307
9103406
9104016
9104630
9105392
9107041
9109501
9110204
9112559
9112880
9112893
9113595
9113835
9114007
9114202
9114754
9115038
9115133
9116536
9117858
9119616
9119970
9126189
9127264
9130826
9131823
9131989
9132237
9134531
9134993
9135017
9136284
9136286
9136544
9137226
9137763
9139226
9139404
9139447
9139455
9140075
9140215
9140376
9142711
9143579
9144480
9144577
9148430
9149834
9150548
9151130
9151288
9151345
9156247
9158036
9160458
9160974
9161362
9161634
9161668
9163465
9164164
9164215
9165544
9166461
9167533
9167887
9168784
9168831
9170348
9171477
9171489
9171542
9173483
9176379
9176867
9176988
9177570
9179351
9181227
9181298
9181805
9182116
9182657
9182687
9183491
9183678
9185589
9185605
9186042
9186043
9186705
9187005
9187203
9187222
9187312
9188010
9189242
9189487
9189815
9191218
9191628
9191951
9193150
9194721
9194966
9195207
9195260
9195442
9196612
9196641
9197024
9198172
9200006
9200416
9201607
9202042
9207889
9208327
9210853
9211521
9212201
9213553
9213561
9215147
9216223
9217387
9218170
9220603
9221510
9223681
9224338
9225258
9225963
9226290
9226859
9228978
9230614
9231460
9231764
9232586
9232806
9233511
9234614
9237141
9237274
9239506
9241253
9247244
9247472
9248404
9248827
9249414
9249573
9250071
9250268
9250413
9250478
9251188
9251431
9251599
9253482
9255807
9257185
9257866
9257923
9258978
9258985
9259017
9260721
9262056
9262519
9263266
9263383
9263860
9264554
9265359
9265495
9265766
9268305
9270236
9271403
9272382
9272776
9273843
9274747
9275556
9276601
9277218
9279338
9279669
9280275
9282058
9283522
9283970
9284617
9285795
9285849
9286223
9286410
9286614
9287369
9289088
9289157
9289591
9289750
9290037
9290122
9290629
9292813
9294906
9296566
9297465
9298126
9298731
9300868
9301187
9302300
9303242
9307149
9307173
9309615
9312010
9313425
9315626
9316606
9316857
9318194
9319229
9319577
9320326
9320432
9321016
9321369
9322619
9324397
9327007
9327376
9329773
9334866
9338353
9338670
9340758
9346203
9349506
9349620
9350834
9354272
9355432
9356743
9357394
9357827
9360492
9360573
9362811
9364883
9365704
9366198
9366376
9369087
9370757
9371867
9372015
9375044
9375552
9376431
9378111
9379993
9380768
9380921
9381150
9381378
9382327
9383462
9390106
9390872
9392549
9393144
9396497
9398249
9401065
9404452
9405550
9406459
9409056
9410199
9411441
9413101
9416015
9419881
9421921
9422298
9422827
9423452
9431101
9432356
9432417
9435777
9436453
9436470
9437577
9437982
9438395
9442269
9442382
9447339
9448622
9449039
9453961
9454293
9454350
9456935
9458861
9460475
9460922
9462764
9463507
9464376
9469261
9471599
9472785
9472866
9472936
9473887
9477046
9477383
9477664
9480987
9481403
9481589
9482954
9483221
9484224
9484647
9488344
9488715
9494080
9497267
9498039
9499390
9501034
9504178
9504266
9506635
9507214
9509233
9515208
9517269
9520094
9523167
9523176
9523345
9523585
9526285
9527981
9528344
9529032
9529295
9536363
9539493
9540482
9540495
9543174
9544949
9545919
9547981
9549160
9551063
9551276
9554038
9554175
9555226
9558909
9562051
9562543
9563292
9564876
9565504
9568391
9568662
9568686
9569115
9570125
9570368
9571614
9572305
9572459
9574303
9574547
9575459
9575797
9576849
9577948
9578728
9579326
9581095
9582346
9586892
9587195
9590111
9591382
9591984
9593685
9594753
9594829
9598222
9599121
9599952
9600241
9601758
9606799
9608893
9609253
9609672
9612121
9614114
9619937
9621678
9622280
9625496
9630310
9630435
9633553
9637025
9637111
9638611
9639034
9639573
9639738
9640513
9641186
9642770
9643749
9645220
9645482
9646994
9647082
9650757
9653617
9655407
9656442
9657089
9657493
9657941
9659418
9663165
9664363
9664914
9665179
9669707
9670012
9671036
9673315
9673343
9674409
9678475
9680814
9684131
9686164
9686586
9688526
9690469
9690603
9691243
9694115
9694432
9695146
9697258
9698788
9700147
9702216
9703690
9703847
9704587
9705526
9707313
9707527
9709642
9711576
9712345
9713300
9715414
9716267
9723267
9725606
9727896
9728337
9728906
9729180
9732600
9733673
9733734
9734944
9736026
9736989
9739371
9741959
9742253
9745542
9746255
9746504
9747941
9748221
9748470
9749498
9750265
9750689
9753264
9755174
9756431
9757718
9759324
9759472
9760560
9761188
9763822
9764586
9766143
9766989
9767917
9768882
9768969
9769824
9770802
9771231
9771248
9771969
9773072
9774826
9774827
9775061
9775629
9777724
9779425
9780560
9780978
9782583
9783129
9785333
9785410
9788058
9792873
9792930
9794328
9795471
9797081
9799093
9802083
9802248
9804365
9807411
9808650
9809213
9809223
9811006
9812236
9812954
9814073
9818562
9821843
9822927
9824563
9824791
9825096
9825237
9826127
9826511
9829159
9829202
9829976
9830231
9830997
9832395
9834460
9837853
9838095
9838845
9839188
9840613
9841528
9843162
9844049
9844821
9847724
9848611
9853311
9854006
9854041
9856686
9858959
9858984
9862260
9862470
9867961
9868757
9868786
9869813
9874310
9874852
9875352
9877888
9878178
9880428
9885875
9887976
9889437
9890973
9893891
9893927
9894782
9895247
9897562
9898031
9898105
9898919
9899090
9900971
9901740
9904544
9905275
9908914
9910585
9914891
9915795
9919589
9919609
9922290
9922786
9923063
9924021
9924783
9926926
9929144
9929483
9930405
9933893
9935514
9937087
9938854
9941058
9941537
9944006
9944423
9946251
9947189
9947353
9947497
9949535
9952698
9954024
9957270
9957492
9959388
9964603
9965035
9965923
9966391
9968425
9968706
9971139
9971872
9972275
9972528
9972730
9977032
9977435
9978238
9979465
9980744
9984117
9984186
9985092
9989019
9989655
9992368
9992833
9992979
9993350
9993380
9996620
9997519
9998753
10003026
10005411
10006973
10009789
10012827
10014104
10017432
10019453
10019777
10021151
10021690
10022078
10023753
10024691
10025683
10027048
10028386
10033524
10034429
10035196
10035207
10037510
10039501
10039641
10045889
10047252
10047625
10049132
10049450
10050253
10056810
10062666
10063352
10064488
10066255
10066478
10072889
10073424
10073767
10074053
10075131
10075236
10077476
10077602
10079387
10080931
10083240
10083334
10084977
10087353
10088907
10089535
10089623
10091352
10092761
10094077
10094556
10095336
10095976
10097117
10101277
10101975
10102221
10103144
10106197
10111978
10113471
10115104
10116172
10116259
10118066
10118184
10125276
10126400
10127376
10129550
10130335
10131312
10131587
10132249
10133958
10136200
10136206
10136311
10136740
10137365
10138703
10139793
10141214
10141631
10143427
10144473
10144849
10145450
10147792
10148045
10148599
10149712
10150566
10151443
10151483
10151509
10151938
10152683
10153372
10153966
10157648
10158397
10158902
10159209
10162521
10165754
10165788
10166323
10167021
10167392
10167420
10171286
10174689
10176139
10176726
10177609
10186239
10187207
10187443
10188011
10193815
10194193
10198199
10200404
10203789
10205605
10208493
10210918
10216281
10217406
10218981
10220965
10223291
10223484
10227909
10228334
10229616
10230445
10230700
10231015
10235975
10236078
10236298
10239758
10240272
10240345
10242839
10244325
10248148
10248654
10250588
10251091
10251614
10251807
10254310
10254612
10254857
10259125
10264294
10266620
10267004
10267075
10267764
10268442
10268630
10269172
10272939
10274674
10274969
10275675
10278146
10278210
10278563
10280209
10280752
10281038
10281525
10281766
10282397
10282989
10286055
10286117
10288068
10289818
10293295
10293677
10295191
10295502
10296112
10297604
10297719
10297811
10298082
10298162
10298577
10300262
10301821
10301876
10303104
10303842
10306058
10306395
10310393
10311758
10314973
10316667
10317316
10317727
10318095
10318722
10321479
10322563
10323355
10324199
10324640
10325252
10326239
10327247
10327801
10328846
10328974
10331019
10331957
10333565
10334961
10336496
10336595
10337565
10338737
10339037
10339731
10341604
10343150
10343638
10348865
10349859
10350266
10350666
10352474
10352753
10357673
10359179
10359244
10363265
10364795
10370693
10372861
10377980
10378444
10379099
10379928
10380452
10383462
10383658
10383754
10385301
10385323
10387709
10388038
10388913
10389079
10389900
10390826
10392893
10393106
10393172
10395413
10401792
10403969
10403970
10404578
10406569
10408221
10408819
10411200
10415394
10417094
10417140
10417985
10420415
10421206
10421485
10421670
10421734
10425636
10428635
10429137
10429512
10429702
10431958
10433263
10433896
10434955
10440656
10441870
10442070
10444148
10446883
10447930
10450988
10453204
10455277
10457335
10458107
10459153
10459787
10460308
10460422
10460776
10460949
10461390
10463763
10465981
10466211
10469295
10470471
10473135
10475140
10475210
10475532
10476825
10477219
10478342
10480346
10482214
10485139
10487391
10487479
10489366
10490236
10490406
10493442
10495781
10495945
10496228
10496284
10498530
10503287
10504987
10506665
10507407
10511800
10511831
10512516
10514285
10514557
10520168
10520653
10521472
10522442
10522534
10522537
10522832
10523507
10523872
10526261
10527597
10528039
10528072
10530776
10531665
10532927
10533613
10535686
10536539
10537336
10538562
10542075
10543026
10543457
10545299
10546970
10549436
10552666
10555368
10556342
10556759
10558290
10561736
10563663
10565656
10573580
10574786
10575651
10577377
10579530
10585500
10585912
10586948
10587090
10588166
10588510
10589634
10589818
10591538
10592575
10594010
10594427
10594965
10595711
10596561
10596649
10597722
10597896
10598061
10598335
10598790
10599286
10599366
10600550
10600885
10602271
10602709
10603177
10605586
10606041
10606757
10607453
10609560
10609757
10610486
10610657
10611587
10611855
10611856
10612160
10613358
10615725
10616381
10616774
10617832
10617931
10617963
10618664
10619711
10620955
10623997
10624005
10627284
10631028
10632291
10634712
10635417
10639468
10639723
10640678
10641219
10642725
10643388
10644628
10646693
10647781
10648984
10650611
10650634
10652031
10653017
10654328
10656365
10656830
10658291
10663939
10665391
10666662
10666769
10667613
10667882
10668594
10669009
10670160
10670244
10670439
10670897
10673412
10674359
10674773
10675075
10676019
10676040
10676306
10676653
10679124
10679575
10681439
10682546
10684340
10686036
10691309
10694242
10695860
10696996
10697730
10703533
10703885
10704864
10705243
10706470
10707594
10708284
10710626
10711196
10711268
10711274
10711751
10712098
10713014
10715117
10715499
10715760
10716652
10717058
10717150
10717336
10717879
10718398
10723519
10724477
10724921
10727767
10728561
10728569
10729616
10729844
10731262
10731624
10731653
10733251
10733965
10734483
10734861
10735907
10737389
10737510
10738159
10738590
10738630
10741497
10744108
10750789
10751477
10755722
10757649
10758067
10760921
10760986
10761127
10761195
10764020
10765527
10765852
10766419
10767849
10768840
10770326
10771664
10771826
10773132
10773974
10774182
10776770
10778978
10779758
10779792
10779893
10780075
10780594
10782051
10782353
10782495
10783604
10788490
10790640
10792075
10792476
10792600
10793126
10793603
10794387
10795435
10799766
10802351
10802426
10806260
10806271
10808977
10810070
10812871
10814398
10817092
10817176
10817303
10817323
10817476
10818192
10822019
10826449
10826816
10827075
10829784
10831197
10833061
10834073
10835377
10835392
10837469
10838871
10839452
10842534
10845561
10846499
10847477
10847596
10847844
10850341
10850705
10853725
10854402
10855732
10856123
10856471
10858186
10858594
10861354
10864328
10864490
10865035
10865449
10867021
10867180
10867749
10869744
10870144
10871635
10872071
10873761
10875685
10879261
10879759
10880045
10880065
10881782
10881868
10883460
10885081
10887664
10889731
10891991
10892453
10894059
10896102
10899753
10900745
10901136
10905770
10908547
10910868
10911047
10911344
10911760
10912346
10913427
10915294
10915546
10916899
10917948
10921293
10921453
10922267
10924130
10924878
10925612
10926819
10931524
10933803
10933829
10934367
10934883
10935117
10935276
10938879
10939241
10942140
10945979
10946464
10948459
10949705
10950682
10950854
10952213
10954547
10958394
10959908
10960408
10960948
10962123
10964004
10965039
10966067
10969639
10972334
10973144
10975229
10975495
10977441
10978170
10978803
10978884
10980234
10981048
10981102
10983737
10984154
10984776
10984864
10985227
10987217
10987434
10987943
10988911
10989031
10989165
10992316
10995174
10996918
10997871
10999141
11000119
11000722
11000758
11001692
11002604
11004492
11005948
11009227
11009766
11016183
11016601
11021040
11021119
11023482
11024286
11024934
11026295
11027782
11031588
11032445
11034549
11036721
11037046
11037274
11037598
11038021
11041409
11041640
11042544
11042846
11044107
11044839
11045287
11048011
11048286
11049460
11051906
11051981
11053986
11054175
11055650
11061586
11064249
11064312
11065058
11068649
11068949
11073522
11075137
11079244
11080171
11080504
11081490
11089424
11090364
11090561
11091796
11092939
11093280
11093377
11095904
11095973
11097583
11099637
11099761
11102124
11103505
11104072
11104958
11110467
11111707
11114917
11117793
11118152
11118335
11121024
11121158
11122573
11122596
11125230
11126452
11129496
11130167
11130560
11132061
11137040
11137830
11139016
11141871
11142372
11144540
11149511
11150676
11151352
11151904
11155000
11156020
11156401
11156852
11161660
11162809
11163089
11165329
11166242
11168940
11169027
11169418
11171513
11172903
11172917
11173258
11178976
11179180
11179665
11179947
11180349
11180501
11181643
11181851
11181879
11184249
11184841
11188598
11188752
11191694
11193606
11195202
11198166
11198900
11199942
11201392
11202130
11202791
11206140
11210272
11211211
11212152
11214486
11216466
11218068
11218993
11219001
11219230
11220556
11221374
11221747
11222156
11223042
11223174
11223827
11227692
11228303
11228872
11231033
11231430
11235778
11236221
11236603
11236762
11236863
11236873
11236982
11237172
11237498
11240910
11243389
11249042
11249774
11250963
11251137
11257840
11258966
11259193
11260340
11261053
11266825
11267183
11269334
11271962
11275361
11276800
11283323
11285020
11285831
11290047
11291535
11292009
11294908
11295685
11297166
11297224
11297612
11297848
11301548
11301728
11303036
11303460
11304403
11307007
11308331
11308958
11309468
11312488
11314917
11315263
11315365
11315959
11318866
11320857
11323857
11327028
11328545
11328563
11328810
11330300
11334043
11334553
11336651
11336885
11337103
11337641
11338358
11340366
11342811
11344014
11344564
11345007
11349054
11349977
11350466
11350881
11352254
11352644
11355539
11359207
11359574
11360356
11360580
11360741
11361415
11362343
11364911
11367664
11371653
11372012
11373038
11373479
11374057
11374114
11374264
11375303
11375906
11376445
11377346
11377362
11380121
11381713
11382380
11383438
11383880
11383900
11384203
11385505
11385975
11387323
11387939
11390083
11390771
11391265
11392666
11396424
11400173
11401130
11401730
11401905
11402187
11402903
11404422
11406151
11407394
11409239
11410519
11410653
11411452
11412581
11414311
11417070
11417252
11421424
11423930
11427759
11428572
11430472
11430847
11436249
11439402
11439444
11439519
11439520
11440118
11445081
11447943
11448506
11453205
11454092
11455401
11458246
11458278
11459697
11459806
11460361
11465057
11465397
11466064
11466223
11468510
11470661
11471817
11471999
11473518
11483395
11483887
11484101
11487599
11488025
11490430
11492000
11492317
11494495
11497434
11499556
11499716
11501136
11501407
11507765
11508971
11508983
11511270
11512851
11515127
11516770
11519585
11521282
11521351
11523056
11523222
11523649
11523751
11523980
11524268
11526282
11527193
11528726
11529988
11530333
11530531
11531451
11534906
11536958
11542749
11546032
11546546
11548366
11548537
11548827
11550161
11551017
11551121
11551720
11552023
11552109
11553138
11553775
11554914
11555211
11556158
11563391
11565697
11569704
11571516
11571712
11572077
11572314
11576095
11579425
11580637
11581911
11583471
11584762
11585449
11585637
11586696
11588257
11590058
11590692
11591192
11595472
11600300
11601348
11603015
11604710
11607203
11607555
11609324
11609803
11611451
11612856
11613059
11614116
11614363
11616752
11616922
11618034
11618250
11620676
11621493
11623371
11625025
11625076
11626017
11626309
11627325
11627410
11628911
11629207
11633806
11636598
11639142
11641604
11643833
11645882
11646696
11646707
11647100
11647802
11649906
11650729
11650750
11653011
11653541
11654188
11657803
11658370
11660256
11661348
11661526
11661918
11662256
11666573
11670410
11671038
11672448
11673153
11673413
11674329
11674457
11674537
11676360
11678509
11679418
11684063
11684593
11684894
11686888
11687523
11688207
11688549
11689782
11690210
11691040
11693223
11694288
11694396
11695996
11697003
11697574
11698489
11701984
11702862
11703015
11706021
11706777
11707506
11708863
11710227
11711638
11713573
11715213
11716234
11719022
11720000
11721213
11721742
11721891
11727218
11727745
11728145
11729266
11729823
11733518
11735112
11738339
11740573
11741221
11741693
11742840
11742999
11743027
11743370
11745525
11748267
11748317
11748555
11749011
11749882
11750064
11751704
11752241
11754852
11757503
11761222
11761233
11761851
11762917
11763096
11763392
11765386
11767394
11769063
11769464
11769491
11769986
11770064
11770134
11770844
11770971
11772919
11774740
11777127
11779259
11779562
11780777
11782361
11782471
11782689
11783827
11784526
11785702
11785709
11787140
11787983
11789445
11791554
11792268
11794573
11795542
11797183
11797277
11797994
11799819
11801704
11802232
11803695
11805784
11805887
11809697
11810539
11810743
11810943
11811365
11812379
11814148
11814394
11814694
11816401
11821063
11821069
11822682
11822821
11823505
11823856
11823888
11823905
11825173
11826151
11826745
11828043
11828347
11829827
11831590
11832098
11832643
11834177
11836140
11838774
11838892
11839266
11841823
11842204
11842835
11842867
11844463
11845192
11845779
11845985
11846359
11846935
11850174
11851627
11852146
11854574
11855693
11856428
11856772
11857770
11859355
11862778
11863023
11864403
11864429
11865329
11865535
11865600
11865899
11869185
11869679
11869968
11870308
11873065
11873286
11873463
11876442
11876617
11877542
11880998
11881174
11883213
11883672
11886320
11886748
11886918
11887733
11889969
11890130
11890131
11892256
11892346
11892786
11892884
11895908
11896917
11898654
11900102
11900191
11901007
11901244
11901324
11903648
11904683
11905000
11907680
11910645
11911128
11912056
11915805
11919037
11919573
11922013
11924295
11925717
11925768
11929283
11930297
11930841
11932302
11932839
11935961
11936453
11936934
11937340
11937680
11938513
11938722
11940895
11942149
11942611
11945487
11945787
11948575
11951300
11953137
11954386
11954969
11956656
11959228
11961796
11963409
11964292
11965423
11967027
11967807
11968037
11969627
11970070
11972926
11973025
11973250
11973447
11980944
11981112
11983708
11983757
11985646
11986264
11988148
11988370
11990913
11994553
11997510
11998118
11998896
11999899
12000798
12001537
12001573
12002151
12002870
12003533
12003708
12006615
12007504
12007585
12009496
12009709
12009818
12010055
12010089
12010427
12010525
12010798
12010895
12011706
12014685
12017542
12017761
12018224
12019207
12021454
12026926
12027346
12029035
12029347
12030826
12031099
12031814
12032264
12032647
12033958
12034756
12035317
12036196
12036627
12037103
12037366
12037937
12040008
12042740
12047321
12047676
12048116
12049307
12051732
12054790
12056039
12056501
12056798
12057488
12057532
12057543
12057964
12058000
12058486
12060587
12061265
12066760
12067175
12069144
12070358
12070528
12071781
12074748
12080543
12081953
12084431
12084870
12085634
12086148
12086398
12087045
12087624
12089362
12089949
12090807
12091274
12092402
12092895
12093450
12094634
12094655
12094719
12094857
12095027
12095085
12096158
12096751
12098171
12099403
12100012
12100106
12101338
12110361
12112519
12112648
12115276
12115727
12117073
12117262
12117609
12120814
12121420
12122410
12123517
12124571
12126192
12126955
12131441
12131688
12132342
12132789
12133379
12135569
12137010
12138811
12140000
12143084
12143839
12144287
12144901
12144964
12147167
12147799
12147837
12148793
12150056
12155074
12155470
12156314
12157483
12157551
12157851
12162390
12162429
12164533
12164619
12164930
12165001
12168074
12168147
12168662
12170107
12170157
12172718
12175538
12176093
12177989
12179380
12179857
12181461
12181819
12185890
12186110
12186945
12187628
12190530
12191351
12192352
12192470
12192556
12194090
12195458
12196062
12197422
12199225
12200174
12201817
12202689
12204821
12205492
12205957
12208370
12208532
12209620
12209700
12210054
12210830
12213403
12215922
12221062
12226445
12227272
12227709
12228732
12228928
12232509
12237559
12247304
12247429
12250526
12253663
12254214
12254285
12254686
12255905
12256711
12259848
12261428
12262297
12262367
12263351
12263859
12266855
12271672
12274185
12275868
12275931
12278424
12279390
12279678
12282001
12282315
12282533
12283657
12284769
12285702
12287142
12288480
12288974
12290256
12290886
12292053
12292464
12295797
12298563
12298589
12299962
12302411
12304357
12304577
12307958
12309794
12312027
12312660
12313509
12314907
12316540
12320321
12320782
12322002
12324537
12326123
12332428
12338996
12339332
12340160
12341541
12341778
12342003
12342631
12345445
12345616
12345936
12346634
12348336
12350463
12351974
12352111
12352246
12353489
12356042
12357847
12360454
12364393
12364499
12365174
12367591
12367758
12368285
12369421
12370190
12374265
12374901
12377441
12378463
12379464
12380101
12380573
12381895
12382547
12385493
12392522
12394110
12394387
12394639
12395729
12397768
12398714
12399441
12401009
12401322
12401547
12404264
12404500
12405651
12409710
12410979
12412134
12413195
12416467
12417148
12417779
12417940
12418304
12418514
12419202
12422002
12425618
12428065
12428326
12428567
12431130
12431579
12432747
12432915
12433557
12434386
12434883
12436931
12437379
12437754
12440893
12443238
12443390
12443629
12445656
12446114
12446320
12446386
12447219
12448911
12449038
12451757
12453203
12454306
12454403
12457779
12458341
12459669
12460646
12464722
12464761
12468103
12468992
12469378
12470385
12472509
12472567
12475229
12475687
12475906
12476108
12476517
12478385
12478561
12479653
12480680
12486299
12489254
12489726
12494587
12495116
12495252
12495457
12498065
12498167
12498677
12500223
12501817
12502779
12503712
12504125
12504681
12505048
12505196
12505703
12507295
12508110
12510102
12510518
12513619
12520243
12521704
12525200
12525343
12526740
12527489
12530355
12530585
12531299
12531900
12534361
12534886
12539120
12541899
12542701
12546058
12546207
12549243
12551112
12551218
12555314
12555718
12556210
12556560
12563269
12565033
12566230
12566248
12566445
12566841
12568878
12569706
12573044
12574289
12575118
12575198
12577159
12578287
12579673
12580236
12580660
12581218
12581785
12581926
12584012
12584240
12586892
12586895
12591163
12591698
12594767
12596850
12600155
12600844
12602744
12612154
12615307
12617762
12619838
12620643
12621601
12621810
12624395
12625599
12626306
12627696
12630980
12631194
12631367
12634590
12637508
12637746
12638489
12638940
12638981
12640263
12640467
12640846
12644941
12645357
12645475
12645647
12646328
12646705
12647064
12647201
12649660
12651212
12655536
12658050
12661039
12665419
12665440
12666195
12674105
12674218
12679800
12680636
12685167
12685727
12686888
12690885
12690941
12691647
12692062
12692720
12693756
12694074
12695359
12696626
12697076
12698275
12699820
12704244
12704356
12704913
12705827
12707513
12711939
12714070
12717849
12724210
12724493
12724643
12724645
12724992
12726364
12727870
12728064
12730469
12732411
12733272
12733684
12733873
12733935
12734863
12738417
12739091
12739546
12739831
12740126
12740425
12740504
12740953
12748457
12750382
12751015
12758895
12759893
12761093
12763998
12764213
12765217
12765836
12767538
12767806
12768385
12772488
12772519
12772577
12772932
12779864
12783773
12785386
12785800
12787992
12788486
12791793
12792284
12796209
12798458
12803543
12803563
12804212
12807534
12808306
12809402
12809853
12812114
12813012
12813641
12813881
12814163
12814496
12814534
12815099
12816431
12817938
12822397
12824133
12825474
12825928
12827228
12827242
12828676
12831547
12832963
12833131
12833214
12834496
12834508
12834936
12835659
12835888
12838314
12838363
12838473
12838783
12839336
12839671
12844621
12845800
12847214
12848649
12851220
12853682
12854928
12855350
12856914
12857106
12857369
12862201
12863849
12865248
12866498
12866839
12868713
12870345
12874192
12874385
12875160
12875533
12877753
12877776
12879624
12881773
12881939
12882324
12888244
12888845
12888970
12889269
12892979
12902470
12903095
12904940
12905072
12905202
12905489
12906547
12906607
12907923
12910892
12913313
12914425
12914796
12916540
12916611
12917368
12917963
12918382
12920172
12920388
12920631
12921177
12923366
12926031
12927173
12927344
12928145
12929652
12930274
12932086
12934095
12934640
12935140
12935609
12936458
12937897
12939052
12942167
12944238
12944749
12945284
12948995
12949843
12949901
12953372
12953482
12954248
12955787
12958508
12964373
12969395
12974054
12975203
12975241
12975363
12975925
12976319
12978886
12980639
12980921
12981705
12981797
12983788
12983834
12984164
12984353
12984422
12986214
12986244
12986263
12986618
12986643
12988603
12990381
12990882
12992102
12992611
12994284
12994716
12997221
12999350
12999989
13004844
13005009
13005089
13007574
13008568
13009057
13010758
13012090
13013572
13015612
13016641
13020015
13020055
13020121
13022819
13024294
13025591
13029495
13029966
13030214
13030806
13033650
13033874
13034701
13038079
13038349
13038416
13040270
13040375
13042751
13044156
13048088
13048334
13049528
13053382
13053952
13055578
13056613
13058314
13062528
13063030
13064952
13065599
13070221
13070583
13071924
13072500
13072995
13074384
13079669
13081682
13082815
13082961
13086665
13087702
13089940
13090755
13090902
13091796
13093576
13094846
13096025
13096183
13097330
13097657
13097746
13097787
13098094
13098304
13098747
13099949
13101079
13101243
13103210
13104541
13105053
13105517
13107599
13108561
13108799
13109122
13109972
13111773
13112156
13113184
13113407
13116129
13116564
13116929
13117556
13118681
13123231
13123399
13126847
13130665
13131270
13133190
13133477
13133956
13134213
13134756
13135780
13136978
13139244
13142003
13142297
13142754
13144580
13145808
13146079
13146925
13152319
13153864
13155835
13155856
13157620
13157816
13159824
13160397
13166148
13166975
13168658
13171365
13172198
13177494
13178140
13178225
13179500
13179578
13179709
13179887
13180375
13180597
13181255
13183903
13185864
13185921
13188987
13194411
13196114
13196182
13196879
13198652
13199191
13202372
13202698
13203292
13203327
13203356
13212758
13213130
13213966
13215853
13216292
13216830
13216882
13218611
13222573
13222638
13224425
13224555
13231452
13231822
13232004
13232551
13234021
13234220
13236893
13241852
13243613
13245923
13248818
13251523
13251665
13252719
13256015
13259094
13260141
13261215
13261555
13262298
13262310
13262392
13263118
13263152
13264171
13265005
13265507
13265575
13265868
13266690
13267158
13267253
13269360
13272915
13274506
13274904
13276297
13278102
13278107
13278208
13280586
13281789
13283404
13286456
13286465
13287499
13288835
13289358
13289411
13292742
13295451
13295895
13295975
13296797
13297339
13297791
13297851
13298618
13299808
13300116
13301480
13301865
13302546
13302614
13302835
13303250
13303436
13304539
13305500
13305547
13305920
13307268
13307878
13308340
13308526
13308872
13309191
13309426
13310256
13310476
13310547
13310917
13311990
13313254
13313579
13313758
13315439
13315625
13317287
13317463
13319395
13320233
13320276
13320956
13321596
13321848
13322996
13323489
13324100
13324936
13326264
13326682
13327036
13327904
13328169
13328329
13330345
13330400
13331155
13331614
13332549
13333651
13333707
13334148
13334739
13335862
13337678
13338637
13339087
13340203
13341487
13342110
13342359
13343038
13343144
13343179
13343393
13343429
13343539
13343726
13343727
13343880
13344669
13344672
13344701
13345531
13345547
13345848
13346186
13346281
13347219
13348305
13350117
13350119
13350362
13352284
13353069
13353773
13353811
13353958
13354005
13354519
13355035
13355151
13355676
13356325
13360653
13360712
13361526
13361752
13361929
13361970
13362510
13363269
13363567
13363802
13363980
13364675
13364696
13366507
13367329
13368069
13368768
13368997
13369937
13371452
13371805
13372258
13372393
13372509
13372613
13373191
13373207
13373862
13374143
13376492
13377497
13377683
13377750
13378245
13378543
13379443
13379550
13379978
13380153
13380157
13380355
13381163
13381347
13381832
13381906
13382488
13382979
13384116
13385724
13385753
13386183
13386287
13386464
13386843
13388029
13388103
13388138
13388253
13389731
13389850
13390040
13390158
13390763
13390767
13390864
13391009
13391111
13391285
13391300
13393484
13393599
13393808
13394167
13394343
13394965
13395262
13395327
13395507
13395684
13396066
13396076
13396979
13397650
13399857
13399901
13400378
13400489
13400912
13401642
13401906
13402173
13402288
13402296
13402297
13402317
13402522
13403311
13404058
13404078
13404507
13404674
13405297
13405762
13405811
13405982
13406274
13406572
13406708
13406767
13407924
13409173
13409240
13409302
13409444
13409879
13410112
13410519
13410694
13410851
13410855
13411649
13411682
13411767
13412291
13412420
13412582
13413146
13413350
13413830
13414362
13414624
13414952
13414995
13415536
13415554
13415630
13416949
13416990
13417508
13418860
13419015
13419018
13419031
13419786
13420312
13421248
13422144
13422183
13422225
13423112
13423431
13423452
13423661
13423793
13424796
13425032
13425367
13427386
13427903
13428227
13428370
13430252
13443414
13445290
13461014
13468306
13470146
13470190
13471469
13481732
13485448
13500039
13503056
13505153
13520625
13523254
13529370
13532734
13533861
13539549
13546687
13546691
13550108
13554180
13554710
13556619
13563120
13567420
13569981
13570300
13573594
13575008
13575202
13575392
13578934
13582510
13583129
13584484
13584490
13584940
13586265
13586855
13587322
13590698
13593052
13593726
13594259
13596700
13600061
13600258
13604763
13604770
13604847
13609652
13612399
13612455
13614572
13614632
13615264
13619189
13621436
13621617
13621676
13622103
13624728
13625062
13625063
13625800
13626112
13627002
13627946
13631700
13634851
13635466
13636337
13640360
13641749
13644782
13644848
13646933
13647848
13648364
13650204
13650317
13651577
13653544
13653876
13653894
13653994
13654543
13657220
13659769
13659833
13660153
13660366
13661543
13661545
13661717
13662369
13664272
13665335
13666946
13667687
13668205
13668348
13668698
13668757
13669314
13669461
13671197
13672114
13672574
13674141
13674309
13674418
13678457
13680204
13680481
13682639
13684961
13685666
13686503
13687995
13690082
13691676
13693290
13695210
13696354
13697679
13698836
13698862
13700480
13702177
13702986
13703019
13703133
13705364
13706549
13708515
13708524
13710330
13710471
13710604
13717985
13721812
13730997
13732525
13733663
13734240
13737521
13738420
13742311
13749385
13751235
13757694
13757929
13763640
13764740
13765144
13765563
13768603
13773030
13773120
13775523
13779912
13780252
13780537
13780538
13780985
13781784
13782582
13783418
13783988
13784683
13786039
13786397
13787245
13791358
13793238
13793426
13795650
13796428
13797420
13797647
13797797
13798029
13799457
13801808
13803402
13805160
13806266
13809102
13809997
13813725
13814004
13814025
13817126
13818120
13819814
13824209
13826637
13828695
13829230
13829853
13830534
13832118
13833003
13833405
13833782
13834516
13834875
13836305
13838605
13840450
13841741
13841859
13842031
13845206
13847451
13847923
13849263
13850607
13850973
13851892
13852705
13853218
13853262
13854439
13855065
13855516
13855620
13856811
13856993
13857125
13857193
13857379
13857717
13860561
13861360
13861635
13862517
13863946
13864180
13864859
13865045
13865225
13865785
13865835
13866492
13866683
13866968
13867592
13867693
13867694
13869771
13871589
13872310
13872394
13872506
13872633
13872693
13872715
13872786
13873255
13875136
13875175
13875304
13875532
13875587
13875589
13876152
13876966
13877196
13877475
13877683
13878243
13878410
13879593
13880093
13880569
13880831
13881093
13881965
13882523
13883366
13883543
13883577
13883600
13883617
13883702
13883812
13883867
13884294
13884345
13884393
13884493
13885234
13885430
13885516
13886339
13886376
13886698
13886806
13887475
13887804
13889134
13889707
13889868
13889898
13890018
13890214
13890668
13891146
13891148
13891386
13891394
13891700
13892234
13892409
13892448
13892461
13892568
13892693
13892701
13892710
13892909
13893055
13893112
13893294
13893545
13893594
13893602
13893666
13893675
13893892
13893896
13893980
13893981
13894050
13894117
13894118
13894172
13894276
13894487
13894503
13894735
13894841
13894905
13894934
13895232
13895255
13895287
13895322
13895342
13895350
13895385
13895391
13895592
13895653
13895658
13895693
13895823
13895888
13895953
13895992
13896086
13896095
13896167
13896179
13896285
13896292
13896315
13896333
13896608
13896632
13896752
13896757
13896813
13896884
13896904
13896938
13897207
13897263
13897282
13897343
13897345
13897425
13897439
13897479
13897481
13897546
13897558
13897594
13897646
13897695
13897773
13897779
13897788
13898068
13898157
13898196
13898234
13898270
13898282
13898309
13898360
13898398
13898432
13898513
13898516
13898519
13898699
13898786
13898814
13898852
13898964
13899013
13899205
13899320
13899475
13899552
13899608
13899609
13899946
13900056
13900077
13900143
13900288
13900605
13900805
13900840
13900851
13900878
13900994
13901286
13901362
13901414
13901587
13901607
13901896
13902071
13902078
13902393
13902481
13902500
13902556
13902675
13902692
13902703
13902773
13902828
13902872
13902947
13902967
13902996
13903000
13903021
13903069
13903118
13903124
13903146
13903192
13903211
13903224
13903382
13903422
13903452
13903536
13903621
13903674
13903700
13903724
13903727
13903768
13903838
13903916
13903947
13903960
13903965
13903981
13904002
13904069
13904079
13904102
13904106
13904109
13904146
13904175
13904178
13904183
13904196
13904198
13904319
13904324
13904345
13904383
13904503
13904537
13904556
13904561
13904634
13904736
13904762
13904767
13904770
13904776
13904802
13904808
13904829
13904830
13904906
13904915
13904939
13904940
13904941
13904945
13904946
13904948
13904952
13904969
13904978
13905034
13905041
13905065
13905068
13905090
13905094
13905112
13905120
13905140
13905146
13905151
13905155
13905156
13905173
13905174
13905177
13905198
13905199
13905205
13905213
13905215
13905217
13905225
13905229
13905233
13905269
13905290
13905327
13905329
13905335
13905346
13905349
13905373
13905384
13905387
13905417
13905432
13905439
13905440
13905446
13905455
13905457
13905458
13905459
13905460
13905461
13905462
13905463
13905464
13905465
13905466
13905467
13905468
13905469
13905470
13905471
13905472
13905473
13905474
13905475
13905476
13905477
13905478
13905479
13905480
13905481
13905482
13905483
13905484
13905485
13905486
13905487
13905488
13905489
13905490
13905491
13905492
13905493
13905494
13905495
13905496
13905497
13905498
13905499
13905500
13905501
13905502
13905503
13905504
13905505
13905506
13905507
13905508
13905509
13905510
13905511
13905512
13905513
13905514
13905515
13905516
13905517