22
60
89
238
266
356
866
1002
1317
1388
1494
1584
1918
1920
2324
2659
2680
2689
2728
2759
2860
3257
3390
3578
3935
4239
4398
4906
4999
5180
5832
6280
6507
6717
6998
7417
7454
7659
7843
7915
8326
8581
8885
9187
9294
9541
10370
10403
10830
11002
11125
11449
11470
12296
12320
12418
12639
12760
13073
13216
13254
13729
13737
13786
13943
13984
14063
14233
14325
14888
16014
16338
16409
17123
17947
18057
18286
18294
18308
18688
18692
19171
19585
19606
19866
20031
20498
20670
21400
21439
21609
21702
21797
21916
22064
22325
22336
22584
23944
24344
25591
25771
25869
25938
27523
27632
27662
28047
28724
28974
29192
29445
30211
30671
30825
31408
31438
31514
31713
33408
35457
36075
38476
38657
38791
40095
41350
41414
42136
42318
42560
42987
43709
45046
45253
45447
45743
46738
46776
47802
47854
48246
48288
48699
50122
50213
50278
50305
50602
50830
51405
51542
52481
53379
54526
54538
54946
55098
55350
56493
56713
57209
57324
57849
58316
58494
59025
59296
59317
59731
60008
60257
60802
60820
62171
63033
63662
64124
64289
64562
65724
66935
67401
67677
68263
69863
70218
70393
70736
70740
71524
73030
74802
75096
75784
76434
76982
77503
77546
77760
78744
79187
80420
82845
83113
83673
84117
84808
85302
87106
87454
87457
88781
90121
90218
93073
93534
94221
94365
94569
94742
94760
94886
94940
95097
95174
96159
96656
97091
97121
98155
98866
98997
99052
101580
102300
104143
104505
105897
107069
108631
109201
114037
115015
115188
115981
116392
116768
117278
117382
117410
117703
118172
120216
121908
122288
122875
124599
128154
128854
130240
133164
133369
136056
138968
139082
139185
139318
140053
140707
142187
144958
145003
145616
145956
147412
148698
150114
150266
150481
150971
152094
152657
154301
155440
155744
156000
158246
158334
160968
161927
162716
166180
166415
166888
169174
170713
172024
172264
172937
173528
174299
175625
178087
179189
179261
179445
179598
180309
180861
181783
182374
182884
183231
183248
184111
184642
184731
185896
185945
186287
186411
186603
187416
188414
188741
189082
189884
190135
190819
191445
194617
194952
197312
198499
199029
199184
204065
204959
205528
206876
207153
207689
207897
209985
210458
210808
211675
212426
214040
214376
214495
216400
216929
216994
217329
221009
222437
223825
224339
226721
226849
226964
227252
227370
228089
229397
229411
230944
231716
232745
234014
234217
235059
235949
236179
237085
237455
237890
238391
239039
239649
239863
240419
242967
247497
249541
249968
252638
252897
253432
253730
253950
254037
254143
254672
255000
255857
255986
256363
256589
257114
259295
260092
260990
261647
261825
262384
266797
267729
269413
269541
269561
269772
269783
274723
274874
275514
275955
276384
276793
277541
278032
279250
279710
281101
281117
282506
283801
284493
284700
286034
286898
287713
288482
288709
289269
289496
291299
292323
292817
293163
295374
295495
296145
296543
298055
298074
299097
299155
300003
300163
300176
302363
303252
304100
306889
308677
310157
312400
313438
314195
314849
315281
316613
316718
317844
317879
319448
319737
322281
322434
322951
323677
324228
324613
324806
326999
328562
329052
330410
331394
331665
334254
336614
337293
337650
337709
337729
339663
343170
343361
344197
344395
346161
346612
347018
352275
353172
353736
355515
356476
356642
356993
361096
361603
362701
363869
365117
365122
365414
366099
366167
366298
368723
371766
373026
373336
378847
380263
380540
381566
381959
384026
384352
384612
385441
385597
386202
387021
389215
389442
389794
391675
392944
394000
394009
394017
394302
396531
396751
397446
398071
399823
399887
403013
403092
404510
405649
405691
406488
408919
411121
413162
415736
416242
416429
416906
417286
417937
420271
420807
421061
421511
422947
423400
423924
425027
425137
426227
428099
428403
429168
429227
429671
431760
435990
436324
437816
439320
439446
440040
441279
441870
444835
446195
446474
447121
447528
448436
448506
449464
449927
450138
450222
451024
451261
452224
452557
453650
453720
453764
453770
453910
453965
454451
455406
456380
457149
457704
458374
459399
459627
460655
462370
463938
465525
466181
467225
467629
468495
470233
471052
471206
472200
472484
472925
473099
473547
473568
473607
473977
474033
474423
474441
475148
475593
475929
476065
476838
477178
477430
477505
479079
479307
480957
481069
481429
483745
484559
484791
485029
485235
485944
486540
486668
489165
490135
490682
492085
492310
493814
494073
494196
495405
496891
497191
497670
498801
499940
501407
502530
503434
504725
504825
505101
505911
506105
507149
507562
509112
509812
509995
510237
510641
514342
514531
514866
515161
515200
517345
519760
521779
521955
522173
522432
525821
525896
528057
529001
530399
532560
532974
533627
533919
535274
535902
536089
536552
537322
537502
537818
538631
540090
542254
542495
543031
543101
543218
543642
543688
546072
546247
548890
549029
549328
549387
550499
550746
551348
551355
552693
555488
556663
557092
559527
559734
560708
563584
564879
565836
568035
568552
569891
570369
570568
572331
574250
574788
574886
575575
576272
577411
577646
578962
580654
581024
581502
582750
584651
585030
585081
585210
586293
586821
586951
587450
588720
589319
589352
590024
590133
591560
591785
593007
595969
596041
598316
599130
600587
601678
602115
602291
603262
603341
603682
603878
604156
605910
606046
606427
606935
606952
607730
608535
608697
608860
611491
611848
613626
614206
615627
617014
618623
618917
619745
619920
623402
623550
624068
624590
624767
626407
627763
627850
629392
630298
630323
630579
632543
633024
635463
635768
636657
638755
639512
640647
640877
640920
641033
642240
642910
645194
646786
647338
648550
649116
649643
652189
652615
653146
653250
658555
659211
659738
659864
660454
661122
661845
661863
662935
663206
664355
665305
668107
668220
668250
669558
670423
671502
672958
674237
674661
675284
675480
675850
676145
676188
676209
681085
681131
683852
683928
688078
689126
689537
690598
691216
692957
693746
694378
696029
696651
699731
700163
702015
702421
704306
705378
706503
706607
708013
711187
711800
713929
716630
716763
718516
720139
721036
721262
722801
722931
723058
723798
724016
725275
725531
728737
730607
730921
731131
731741
732208
733459
734341
734764
735253
736343
738883
739719
741274
741814
745768
746192
746197
746366
746823
747236
747746
748547
750367
750574
750600
751871
751986
753857
753858
754359
756744
756804
756957
758695
763084
763825
764753
766537
766551
766798
767243
767736
768722
770666
770907
771591
772580
772838
774146
774612
775788
776052
776094
776540
777329
777452
778085
779044
779478
779657
780285
780583
780831
781661
781982
783010
783603
788199
791153
791560
792199
792490
792632
793473
793568
794155
794957
795342
796884
798135
798305
799108
799466
800735
801458
802515
802594
806589
807183
807206
809170
809220
810217
810574
810819
811171
811419
811801
812438
812519
813194
814078
815020
816323
817819
818075
819560
819583
820020
822414
822526
822845
823326
823336
823567
823631
825651
827555
828162
833844
834313
834347
835377
835562
835755
835833
838344
839122
840430
842782
843512
844716
844925
845038
845645
847145
848066
848139
849523
850502
851468
851485
854080
857456
857631
857854
858106
859349
859824
860172
860259
860942
861269
861413
863507
864694
868139
869582
869655
870433
870606
871955
871989
872381
872584
872806
873102
873196
874915
877290
877295
878012
878718
879813
880597
881252
883195
883548
883758
885359
885586
885878
886135
886949
887450
887830
888071
888489
888544
890720
890792
890880
891127
892492
892781
893091
893173
893577
895971
896162
898246
899277
899650
899857
900551
900970
901006
901066
901628
901753
902637
902776
903006
903315
903855
903983
905329
906853
907343
907345
908192
911323
911841
912088
912091
913128
913707
914850
915106
915261
915603
916717
919100
922235
923173
923495
923599
925738
926120
928236
928717
928797
930716
931105
932233
933552
935315
935560
936073
936671
937076
938767
939236
940086
942519
942979
943807
944425
944706
944759
945053
947280
947569
948385
949058
949169
951028
951190
951400
953229
954138
954931
955870
956111
957033
957061
957210
959169
961114
961831
962459
962674
964076
964484
965160
966789
970888
970951
971963
972530
973743
975531
976270
976628
976693
976836
979621
980985
983689
985865
987012
987369
987790
988607
988836
988887
989005
989693
989735
990029
990123
990953
991143
991363
991657
992139
994393
994410
995798
997170
997262
997568
997929
998470
999480
999506
1001053
1001093
1002824
1004734
1004845
1005037
1006273
1007105
1007423
1007861
1007907
1008270
1011557
1012274
1013619
1013659
1015839
1016514
1018109
1018188
1018605
1023323
1024165
1025600
1026114
1026686
1027052
1027142
1027709
1028723
1030405
1030619
1031154
1034267
1034357
1035009
1037745
1038119
1040359
1042332
1045102
1045893
1046916
1048468
1051830
1053036
1054228
1054511
1054514
1055448
1057630
1058748
1060644
1060892
1061369
1061853
1062303
1062438
1062474
1062839
1064099
1064321
1064907
1065261
1065565
1065933
1065978
1066516
1066755
1066906
1067799
1067974
1068382
1068458
1068741
1071913
1073474
1073633
1075991
1076444
1079115
1079537
1079653
1079916
1081064
1082475
1085172
1085295
1085309
1085425
1085730
1086589
1086883
1090577
1091678
1094665
1097852
1098204
1098377
1100108
1100214
1100483
1101054
1102220
1104153
1105060
1107967
1108479
1108864
1109639
1110626
1110749
1111621
1112240
1112804
1113299
1113502
1113982
1114828
1115214
1116119
1117097
1118116
1119022
1119413
1122030
1124673
1125709
1127469
1130596
1131220
1131386
1131664
1132141
1133898
1134135
1135177
1135235
1135239
1135841
1136520
1137507
1137845
1141130
1141728
1143257
1143353
1145240
1146265
1148553
1149871
1150034
1151354
1151530
1151738
1152197
1152633
1153879
1154623
1157168
1157796
1157887
1159824
1163262
1163571
1163697
1164147
1165395
1168076
1170009
1170042
1171038
1171536
1172265
1173606
1175606
1176551
1176608
1180383
1180480
1181743
1183199
1186339
1186794
1187374
1190719
1191383
1193850
1195154
1195797
1197301
1198414
1198493
1200628
1202532
1204542
1204857
1204862
1205808
1206323
1207874
1208632
1208679
1209323
1209805
1210101
1210605
1211184
1211686
1212060
1212885
1213392
1216666
1217195
1217381
1217889
1218125
1218600
1219426
1219962
1219976
1224563
1224570
1225602
1225703
1226317
1226790
1226893
1227624
1229624
1232722
1233604
1234254
1234955
1236072
1237102
1237246
1237648
1238320
1241258
1241712
1243843
1243896
1244324
1249412
1250041
1250572
1250747
1251955
1253345
1255175
1255243
1257499
1258373
1259104
1259562
1259741
1261755
1263202
1263309
1265064
1266742
1268578
1270787
1271156
1271393
1271873
1272518
1276772
1277365
1277923
1279501
1280417
1281345
1281351
1282533
1283114
1286023
1286107
1287356
1288085
1289152
1291246
1291561
1294759
1295823
1297932
1299585
1300138
1302703
1302877
1302916
1304601
1306071
1306194
1307468
1314904
1315617
1316943
1317134
1319172
1319895
1320874
1320938
1323277
1323347
1323786
1324711
1324734
1326125
1327434
1328874
1328933
1329628
1331294
1332977
1334285
1334650
1335825
1336367
1337926
1340565
1341805
1343322
1344420
1344425
1346041
1348019
1349830
1350420
1350585
1350688
1351928
1352293
1353462
1354584
1357954
1361355
1361847
1364426
1365972
1369660
1371038
1371718
1371904
1371969
1372539
1372943
1374716
1374898
1377002
1377913
1377964
1385664
1387317
1387815
1390465
1392381
1394410
1395934
1396108
1397034
1401881
1402020
1404011
1408672
1409382
1409687
1411258
1411512
1412262
1414108
1414482
1414502
1415334
1416770
1416945
1418490
1419422
1421376
1421990
1422290
1422586
1425233
1426016
1426952
1427121
1430241
1430269
1430781
1432275
1432727
1433006
1434273
1434961
1435262
1435392
1435807
1436445
1441344
1442292
1442945
1443997
1444891
1445333
1445362
1447539
1447932
1450393
1450661
1450680
1450785
1453777
1453970
1455624
1456198
1456671
1457687
1458374
1460391
1460814
1461028
1461217
1461675
1461850
1461926
1462679
1462989
1464724
1464840
1464987
1465957
1466626
1467796
1469222
1469228
1470299
1471038
1471611
1472107
1474129
1474938
1477631
1477974
1478427
1479423
1479849
1480503
1480732
1481896
1483881
1484675
1485293
1487405
1487548
1488258
1488280
1492838
1492950
1495261
1495599
1497102
1498914
1501171
1502371
1502776
1504170
1504818
1507894
1507994
1508719
1514093
1515689
1516721
1520877
1520896
1520918
1521919
1523997
1524827
1526297
1526946
1526948
1527034
1529715
1530080
1532541
1533491
1535171
1535868
1536778
1538424
1539221
1539232
1539977
1542127
1542740
1542879
1542912
1543194
1545482
1546123
1546134
1547087
1549259
1551558
1552309
1553165
1556070
1556637
1557078
1557668
1558512
1559345
1560281
1561477
1563100
1563314
1564082
1564247
1564363
1565005
1565483
1568219
1569334
1570571
1572968
1573449
1573665
1574808
1575205
1575279
1575569
1576974
1578166
1578376
1578439
1578572
1579046
1579767
1580055
1580366
1580830
1580884
1580957
1581516
1583818
1585325
1586191
1587201
1587350
1588568
1589416
1589548
1589558
1590172
1592047
1593410
1593488
1594080
1595737
1595803
1596550
1597348
1598597
1599104
1599260
1599382
1599814
1600620
1600893
1601499
1601764
1602545
1602825
1603167
1604320
1604846
1605219
1607028
1607272
1608056
1609143
1611112
1611664
1613616
1614514
1614647
1614871
1615143
1617961
1619863
1620233
1620272
1621077
1623469
1624194
1625289
1627117
1628055
1628104
1629044
1629254
1630560
1630772
1630828
1631078
1631387
1632344
1632882
1634908
1634913
1635065
1636940
1638738
1640479
1642169
1642249
1642715
1643761
1643922
1644251
1644716
1647471
1648404
1649945
1651099
1652188
1652524
1652942
1653716
1653768
1655130
1655456
1656100
1656891
1658178
1658285
1658838
1659084
1659091
1659410
1659733
1660715
1661260
1661834
1662351
1662409
1663482
1663836
1664082
1665823
1667107
1668902
1669519
1669853
1670196
1670525
1671490
1673861
1674095
1674390
1674862
1676377
1677648
1678249
1678515
1679479
1681330
1682402
1682446
1683389
1687870
1688610
1691536
1691576
1693022
1693210
1693504
1694695
1695251
1696926
1697327
1698125
1698661
1698721
1698777
1700427
1700440
1700986
1701650
1702415
1704132
1708940
1708962
1710077
1710541
1714413
1715046
1717292
1718913
1719214
1720382
1720749
1721606
1721912
1723753
1723948
1724030
1724596
1727004
1730556
1731076
1731568
1731735
1731831
1731964
1732552
1732749
1733845
1734285
1740229
1740291
1740382
1741012
1741165
1742834
1745316
1745882
1746203
1746535
1747166
1747960
1748380
1748684
1748724
1749587
1750152
1750753
1751129
1751137
1752339
1753839
1757216
1761414
1761803
1762225
1763305
1764475
1768647
1768794
1769059
1769332
1769356
1770888
1771021
1771172
1772015
1772879
1773407
1773832
1774266
1775824
1777238
1777538
1778208
1780617
1782417
1782581
1782797
1784468
1784909
1785525
1786836
1787107
1788051
1789608
1789741
1790869
1793147
1793401
1794334
1794572
1795210
1796026
1798041
1798082
1798803
1799544
1799731
1799997
1800264
1800331
1800729
1801798
1801830
1801934
1802245
1802777
1802876
1803376
1803411
1803919
1803983
1810903
1812186
1812631
1814179
1814934
1817814
1818817
1819409
1822421
1824332
1825084
1825611
1826110
1826727
1828009
1828079
1830550
1831142
1832073
1832882
1833675
1833846
1834800
1835236
1835682
1835796
1836577
1836829
1837345
1838880
1841231
1841630
1844439
1844777
1848086
1851972
1851990
1852618
1853363
1854127
1854684
1854775
1857235
1857334
1857933
1858529
1859252
1859898
1860456
1862152
1863940
1865689
1867160
1867386
1870633
1871301
1871380
1872720
1872854
1872954
1873749
1874413
1875940
1878660
1878910
1879071
1880255
1881048
1881161
1882266
1882901
1883412
1884447
1885136
1887825
1887916
1888517
1888981
1892252
1893923
1894061
1896685
1898672
1898816
1899279
1900233
1901994
1902346
1902524
1905216
1905912
1907308
1907622
1910050
1910156
1911020
1913876
1917434
1918326
1920568
1920961
1921273
1924469
1924851
1925998
1926177
1927384
1928019
1928908
1931291
1931399
1932874
1933663
1934505
1936648
1941903
1943508
1943625
1943765
1944248
1944792
1944918
1945197
1946318
1949853
1950722
1952791
1952914
1952956
1954898
1955171
1955685
1959825
1960798
1961931
1965130
1965432
1965600
1967455
1967921
1968055
1968659
1969184
1969624
1971800
1972765
1972786
1973405
1973859
1974103
1979213
1980095
1981193
1982192
1982356
1986052
1988298
1990081
1991186
1992091
1993010
1993614
1994547
1996016
1996526
1998050
1998121
1998342
1998806
1999302
2000016
2001017
2001084
2001102
2001417
2001972
2004912
2004979
2005307
2005656
2005850
2006861
2007256
2008054
2008118
2011030
2011837
2012115
2013389
2014750
2015077
2015304
2015507
2017204
2018646
2018719
2019030
2019313
2019614
2020295
2020330
2021539
2023199
2024075
2024124
2024287
2024724
2024855
2025586
2026142
2028699
2029906
2029969
2030322
2030536
2030691
2030969
2031619
2031987
2032496
2034656
2035717
2036546
2037270
2039327
2041527
2041718
2042291
2044298
2044831
2046225
2046691
2046747
2046916
2047383
2047673
2047736
2048564
2050297
2052607
2053940
2054936
2055792
2058580
2060105
2061189
2061527
2062247
2062357
2062937
2063090
2064487
2065236
2065454
2065715
2066720
2068210
2069223
2073481
2073764
2074165
2074492
2075786
2077618
2081108
2082726
2083081
2085745
2090105
2090125
2090342
2094129
2094192
2094526
2095921
2097859
2098129
2099539
2100988
2101474
2101629
2101896
2103924
2104103
2106426
2106668
2107256
2107399
2107934
2108948
2109179
2109573
2110389
2111441
2112291
2113314
2113387
2114835
2116921
2117697
2117853
2118990
2119034
2121385
2121576
2122436
2122807
2123177
2123273
2124736
2124807
2125045
2125280
2125535
2126014
2126407
2126410
2126933
2128763
2129269
2129475
2130027
2130764
2130987
2131461
2132853
2133677
2134364
2135319
2137628
2137738
2139552
2139720
2140373
2141911
2142437
2142615
2143582
2143681
2143684
2145286
2145304
2145635
2146021
2148347
2148545
2149343
2149405
2150352
2152851
2153260
2154127
2154572
2154868
2155856
2156662
2157367
2157816
2159460
2159593
2160571
2161209
2163475
2163494
2166341
2166410
2166747
2166941
2167493
2169571
2169871
2171995
2172943
2173493
2174777
2176461
2176918
2177408
2177459
2177816
2178176
2180184
2181212
2184714
2185513
2185896
2185927
2186094
2188918
2191018
2191521
2193358
2193703
2193999
2194045
2195653
2195823
2196014
2196572
2196890
2198509
2198691
2198697
2199916
2200207
2200844
2200879
2201061
2201693
2202465
2206390
2206451
2206557
2208134
2208863
2208895
2209124
2209246
2209267
2209543
2210423
2211054
2211450
2216357
2216768
2216950
2217735
2218968
2225215
2225381
2228279
2228891
2229095
2229126
2230650
2230981
2231885
2233778
2235150
2235254
2235380
2236850
2238423
2240232
2240609
2241217
2241487
2244114
2244345
2247043
2248554
2249995
2252750
2252950
2253847
2254434
2254523
2254886
2258501
2259348
2259623
2260066
2260387
2263136
2264010
2266330
2266609
2267317
2268125
2271305
2272829
2274736
2275848
2275930
2276185
2277570
2277821
2278083
2278776
2278933
2282574
2284522
2285312
2286533
2287756
2289008
2292472
2292842
2294508
2295649
2298419
2298560
2301412
2302467
2302647
2307238
2307535
2308227
2308528
2308910
2309297
2311960
2312341
2313291
2314167
2315699
2315742
2316337
2318264
2318925
2319202
2320219
2320351
2320661
2324449
2324491
2325041
2327608
2328492
2330965
2331115
2331946
2334210
2335337
2337175
2337194
2337641
2338327
2338698
2340673
2341157
2342466
2342533
2345841
2349900
2350542
2351117
2353786
2354795
2354898
2356000
2357030
2357878
2357983
2360262
2361573
2361978
2362800
2364049
2364148
2365198
2366291
2366932
2367048
2367679
2368753
2369567
2370606
2370901
2371070
2372004
2372786
2373799
2373910
2376024
2377406
2378466
2378939
2379502
2380730
2380885
2381745
2382599
2384162
2384591
2384948
2386049
2387377
2387754
2388212
2389414
2389641
2390013
2390078
2390106
2390502
2391344
2392666
2393401
2394325
2396867
2399204
2400698
2401091
2401247
2402804
2403055
2405021
2405618
2405870
2405935
2407905
2409712
2409774
2413278
2413711
2414807
2415487
2416233
2417264
2420813
2421483
2421607
2424885
2428722
2428808
2433628
2438082
2440174
2441484
2442669
2443639
2443888
2445407
2448194
2451749
2452711
2454835
2454916
2456516
2456678
2456912
2457052
2457310
2457726
2458713
2459673
2459885
2460418
2462748
2463406
2464140
2466624
2467320
2467356
2467839
2469203
2469736
2469939
2472630
2474807
2475610
2478158
2479061
2479546
2480198
2480330
2480851
2481540
2482206
2482572
2485390
2485413
2488044
2488978
2489211
2489631
2489799
2492197
2492551
2494766
2496084
2496722
2497680
2498076
2498746
2499344
2499982
2501219
2503254
2504766
2505327
2507793
2507841
2511082
2512794
2517772
2518164
2518698
2518714
2520708
2521813
2522326
2525381
2525537
2526267
2535077
2535560
2536795
2539962
2542349
2542581
2542757
2543326
2543704
2544159
2545812
2547888
2548735
2549441
2549471
2550561
2551149
2552528
2552696
2556310
2556718
2559508
2560714
2561676
2562435
2562660
2563406
2563842
2565204
2565246
2567916
2568974
2570038
2570951
2571062
2572094
2572580
2572659
2572897
2577702
2578792
2579883
2581959
2582637
2583272
2584227
2584247
2585204
2585390
2586269
2586518
2586968
2587692
2588068
2588288
2588965
2591371
2592100
2594761
2596373
2597588
2599000
2599785
2600452
2602305
2602433
2602529
2603211
2605980
2606891
2607675
2609085
2612059
2612764
2614727
2614944
2615066
2615327
2615474
2617955
2618696
2620984
2622164
2623460
2623881
2626596
2627144
2628067
2629897
2631273
2631609
2631852
2634841
2636227
2636519
2636610
2636855
2636977
2637435
2639490
2639843
2640314
2640573
2640624
2642413
2644413
2644850
2646146
2646747
2648331
2649406
2650195
2651004
2651041
2651142
2651399
2652599
2652936
2653179
2653515
2654300
2654532
2655849
2655948
2656494
2656506
2656931
2657454
2658407
2662406
2662674
2663612
2663964
2664108
2664119
2664224
2664317
2664321
2664497
2664917
2666032
2666844
2669432
2671014
2671785
2672064
2675490
2675640
2676172
2678862
2679156
2679427
2681436
2681867
2681967
2682355
2682851
2683873
2684196
2684505
2684924
2685343
2685348
2686491
2686594
2686976
2687310
2690478
2691059
2692180
2692639
2693675
2693837
2694841
2695247
2695433
2698808
2698893
2698997
2699215
2699902
2701535
2701954
2702059
2702520
2702938
2702962
2702970
2703276
2704323
2705750
2705975
2707379
2708578
2708659
2709783
2710064
2710546
2711771
2712018
2712942
2714255
2714359
2714399
2714760
2714798
2715446
2715578
2716050
2716599
2716688
2717265
2717659
2717685
2717932
2718373
2719291
2720626
2721228
2723567
2724834
2725238
2725511
2726701
2727941
2729637
2733149
2733250
2733893
2734853
2735453
2735746
2736501
2736868
2737018
2739811
2740168
2740207
2742101
2742292
2742935
2743402
2744963
2745202
2745329
2746432
2747783
2749348
2750511
2751146
2752573
2752862
2754440
2754997
2756099
2757559
2757748
2759469
2759560
2759639
2760507
2761380
2763006
2763205
2764474
2764931
2765767
2767205
2768500
2768811
2769191
2770385
2772155
2774582
2775131
2775294
2775392
2776097
2779964
2780129
2781266
2781413
2781748
2782287
2783978
2789338
2789780
2789951
2790230
2790342
2790362
2790663
2791490
2791894
2793127
2793174
2794751
2794782
2796229
2797038
2797180
2797201
2798182
2801101
2801489
2803980
2806591
2806994
2807462
2809219
2814255
2814273
2815919
2816339
2817202
2818158
2818792
2818975
2822452
2822509
2824463
2824586
2824603
2825675
2828515
2830389
2830911
2830962
2831203
2831430
2833006
2833105
2833857
2834303
2834648
2835252
2835797
2836135
2837856
2839158
2839396
2839440
2840578
2843068
2843128
2844550
2844770
2845455
2849098
2849377
2849446
2849649
2850055
2850368
2851266
2851477
2852648
2852779
2852923
2854756
2854941
2856813
2857829
2859841
2860412
2860553
2863545
2866137
2867595
2867971
2869143
2869642
2870231
2872665
2873867
2874278
2874500
2874945
2875580
2876549
2877213
2877565
2878098
2878277
2878713
2879922
2880233
2882667
2882735
2882869
2883533
2883786
2883981
2884869
2885384
2887593
2887684
2889522
2890382
2891431
2891487
2891826
2892767
2893147
2893150
2894477
2894659
2896070
2897879
2897949
2898104
2898701
2899108
2900948
2902400
2904261
2904284
2904432
2905396
2906048
2906738
2907341
2908446
2908886
2910148
2912938
2913017
2913501
2914776
2914797
2916425
2916645
2916691
2917042
2919030
2919081
2919196
2921954
2922012
2923709
2924179
2925157
2925997
2928797
2929123
2933792
2936705
2936757
2937652
2938181
2940591
2940654
2943466
2943484
2944166
2944261
2944306
2944503
2944549
2944601
2944669
2945128
2945182
2945484
2947000
2947062
2947155
2947215
2947354
2951474
2953425
2953512
2953733
2954077
2955680
2955845
2956189
2956636
2957724
2957916
2959338
2959904
2961218
2961245
2964250
2964443
2964754
2964871
2965068
2965085
2969217
2969584
2971540
2973577
2974600
2974972
2975060
2976230
2976816
2977977
2979569
2979771
2981065
2981465
2986275
2986559
2987958
2988206
2989452
2990385
2990853
2992616
2994718
2996265
2996688
2997984
2998581
2999599
3001374
3004804
3005233
3005357
3007278
3009354
3010333
3010592
3011032
3011676
3011966
3012865
3013908
3014702
3014828
3016941
3018528
3019319
3020807
3021532
3021790
3021848
3022011
3024316
3026019
3027321
3027982
3028527
3029484
3031397
3031415
3032027
3032408
3033230
3033319
3035499
3036104
3036402
3037995
3039880
3040239
3041076
3041367
3041375
3042214
3045301
3047367
3048306
3049005
3049756
3049953
3050278
3050620
3052936
3052992
3053688
3054026
3054690
3055134
3055499
3056181
3056882
3057753
3057946
3058969
3059237
3061413
3062311
3062827
3065841
3067050
3067101
3067181
3069165
3069726
3070966
3071098
3073323
3074918
3075074
3076375
3078407
3078765
3080226
3080654
3082018
3082202
3084492
3084611
3085306
3085511
3086312
3086821
3087027
3087148
3089832
3089835
3090520
3091322
3096174
3096330
3096837
3097653
3098060
3103201
3103266
3104826
3105208
3108779
3111094
3114259
3114266
3114635
3116090
3116300
3119414
3120268
3120414
3122376
3124497
3124777
3127182
3127787
3128584
3129482
3130214
3130499
3130740
3133035
3135160
3136983
3137708
3138952
3139388
3140489
3142997
3146070
3147486
3148262
3148399
3148477
3149576
3149981
3150338
3152930
3154986
3155896
3157088
3157276
3157436
3162902
3163204
3163216
3163647
3165169
3165894
3167208
3169690
3172697
3172812
3174404
3174427
3175224
3175311
3175408
3176667
3177388
3177934
3179274
3179420
3179646
3180928
3181477
3181794
3182145
3182747
3183263
3185994
3186490
3187419
3188067
3189556
3190431
3190743
3192379
3194779
3195910
3196395
3196908
3197177
3197390
3197635
3201210
3203610
3203691
3204225
3205807
3206147
3208670
3208869
3209481
3210586
3213434
3213988
3214236
3216115
3216587
3216839
3218597
3219288
3219655
3221114
3221194
3221673
3222781
3222897
3223530
3224338
3224591
3225701
3227358
3230090
3230115
3231526
3231834
3232059
3232842
3234463
3235679
3235818
3236058
3237280
3237297
3240232
3241139
3241627
3241797
3241896
3242554
3242871
3243617
3244302
3244338
3244892
3245037
3245942
3246126
3248117
3252174
3252554
3253155
3253545
3254344
3255052
3255653
3257026
3257777
3258066
3260319
3261476
3262462
3263275
3263683
3265199
3269157
3269182
3269816
3269862
3269872
3269987
3270360
3270590
3274346
3275957
3276134
3277091
3277383
3277635
3278169
3279641
3279729
3281088
3281371
3281461
3282028
3285865
3287319
3287971
3288425
3288801
3289376
3290144
3290653
3292055
3292109
3294012
3294353
3294764
3295065
3296328
3296347
3296535
3296560
3298080
3298628
3299145
3299174
3302030
3302770
3303141
3305798
3305915
3307629
3309265
3309614
3310118
3310956
3311393
3311555
3312919
3313578
3314764
3314795
3315175
3317564
3318868
3319590
3319693
3320410
3321706
3323030
3323632
3324747
3326653
3326789
3326993
3327358
3328926
3330313
3331075
3331146
3331593
3331654
3334401
3336009
3338662
3338669
3338983
3339764
3340049
3340174
3340840
3341450
3341963
3342061
3343689
3343989
3344049
3344154
3346673
3347482
3348333
3349567
3349630
3351455
3352504
3355023
3356356
3356783
3357104
3357389
3357808
3357857
3358025
3358046
3360287
3361287
3361840
3361873
3361878
3362235
3362304
3364252
3365249
3366631
3367706
3368975
3369643
3370305
3371350
3371744
3372841
3373797
3373929
3374860
3374892
3375082
3376025
3377522
3378498
3378535
3379149
3381456
3382931
3383828
3384318
3385665
3387362
3388031
3390220
3390415
3391983
3392645
3393575
3394196
3395684
3398382
3399840
3401546
3402209
3402472
3404461
3404532
3405181
3405767
3406662
3409320
3410792
3412164
3412375
3419338
3420681
3420942
3422222
3422268
3422299
3422949
3423316
3425487
3425911
3425983
3426329
3426782
3427175
3427726
3429856
3430700
3432734
3434026
3434497
3434901
3435038
3436913
3437125
3437445
3438349
3438393
3438785
3439823
3440436
3440668
3440741
3444350
3444969
3446465
3446633
3447122
3447875
3448097
3448191
3448288
3448875
3449837
3449992
3450307
3451200
3452977
3453322
3455139
3455809
3456925
3458374
3458490
3458885
3459387
3463635
3464003
3464749
3465551
3466741
3469490
3469742
3469819
3473548
3477309
3477672
3477724
3479442
3482806
3483797
3484632
3485094
3486423
3487505
3488161
3488786
3491118
3494105
3495788
3496624
3496683
3497045
3499324
3499437
3501229
3502866
3503817
3504558
3505498
3506659
3506970
3507067
3508195
3511163
3514276
3514820
3515017
3515584
3515613
3515947
3516781
3518517
3519051
3519578
3520031
3520561
3521156
3521402
3524646
3526578
3528156
3528467
3528856
3529922
3530560
3532994
3533729
3535050
3535442
3535842
3535871
3536825
3536935
3538614
3538956
3542045
3543852
3544586
3545073
3546353
3547306
3548088
3549302
3550639
3552098
3552859
3555330
3555429
3555535
3556779
3557756
3559070
3562465
3563955
3565585
3566170
3566931
3567004
3567794
3569702
3569809
3569968
3571105
3571485
3573007
3573998
3574731
3575699
3577945
3578731
3579140
3579818
3581429
3582859
3583040
3586880
3587267
3587594
3587918
3589212
3589589
3590090
3590356
3592969
3592992
3593199
3593747
3596666
3596697
3596727
3596869
3598611
3600331
3600363
3603343
3604743
3604951
3605373
3606594
3607861
3608005
3608491
3608560
3610647
3611164
3611861
3613699
3613969
3615582
3616329
3616360
3618082
3618653
3619436
3620291
3620534
3621018
3621603
3621985
3622240
3623012
3624521
3624910
3626577
3628770
3630315
3634316
3634502
3634507
3634605
3635992
3636391
3636576
3639838
3640122
3640579
3641495
3643291
3643818
3643987
3645544
3645775
3645866
3647824
3650203
3650306
3650923
3654080
3654308
3656341
3656359
3656786
3662099
3663004
3663354
3664372
3664474
3664731
3666051
3666782
3667054
3668096
3668430
3670368
3670665
3671243
3671354
3672749
3677671
3677955
3678313
3678612
3678923
3683297
3686291
3686655
3687971
3688322
3688843
3690998
3694586
3695179
3697102
3698569
3700483
3700664
3702185
3702924
3706258
3707331
3708456
3709563
3709632
3709694
3711442
3711822
3711885
3712782
3713208
3715856
3717370
3717404
3717738
3719010
3719162
3719686
3720416
3720603
3720779
3721750
3724544
3725179
3725825
3726015
3726057
3726890
3727764
3727804
3727833
3728307
3729119
3732421
3733609
3734566
3735681
3735813
3735986
3736046
3736208
3737106
3737995
3740054
3741279
3741493
3741834
3742558
3743390
3744017
3744277
3744716
3745434
3747209
3747631
3749247
3750194
3750731
3752379
3752999
3756742
3757193
3757477
3757591
3759736
3763438
3763799
3764334
3764468
3765269
3766601
3766681
3766839
3767862
3767917
3768992
3770106
3771734
3772602
3772641
3772957
3776317
3776948
3777739
3778952
3780048
3781882
3782235
3782488
3783641
3783881
3784376
3787018
3787154
3787163
3787251
3788360
3789454
3790943
3794040
3794936
3798882
3801030
3804064
3804547
3804650
3804760
3804838
3805076
3805808
3806479
3807203
3807675
3808469
3808977
3811859
3812075
3812412
3813062
3813106
3813752
3814209
3814783
3815231
3815248
3816529
3816626
3816707
3816817
3818245
3820469
3820866
3821660
3821732
3824985
3825081
3825237
3826336
3826501
3828010
3829601
3829658
3830259
3831344
3831442
3835053
3836758
3836984
3837696
3838203
3838817
3839783
3840477
3840487
3842186
3843634
3844733
3846053
3847683
3849382
3850868
3852116
3852236
3853716
3854025
3854312
3854342
3854623
3855258
3856257
3856800
3857888
3858054
3858456
3859684
3860014
3860512
3860945
3861035
3861465
3862103
3866793
3868568
3869713
3869943
3871536
3872831
3874638
3875253
3877066
3877219
3877538
3879501
3880238
3880445
3882403
3882557
3883387
3884367
3884868
3885254
3886362
3888851
3889146
3893444
3895837
3897087
3897346
3897351
3897373
3899672
3900006
3900832
3901464
3903427
3904923
3906392
3906519
3906929
3907427
3907860
3909265
3909638
3910381
3913219
3915177
3916741
3916758
3917488
3919287
3919709
3920551
3920856
3923513
3923550
3924359
3924474
3925030
3927228
3928503
3929250
3929662
3930059
3930764
3931502
3931891
3931931
3932697
3935838
3936261
3938280
3938647
3941712
3943586
3944019
3944748
3946524
3947817
3948055
3950717
3952015
3952134
3952221
3952290
3953132
3953507
3954625
3954663
3954694
3954787
3955981
3956256
3957460
3958013
3958951
3960566
3960717
3962702
3963096
3963621
3963736
3964955
3965433
3965599
3965872
3966170
3966527
3968021
3968128
3968618
3970093
3970993
3971305
3971810
3972572
3974231
3975036
3976298
3976332
3977168
3978457
3979726
3979809
3979960
3980705
3982044
3982562
3984003
3984995
3988332
3988542
3989835
3990050
3991161
3991279
3992085
3992495
3995700
3995811
3996232
3996984
3997538
3997561
3999270
4000648
4000777
4001215
4001390
4001694
4001963
4003402
4004425
4004628
4005333
4005837
4007218
4007328
4007803
4008364
4009612
4010311
4010359
4010792
4010993
4011606
4011987
4012177
4013561
4013800
4014044
4015785
4016225
4016269
4016463
4017356
4017687
4017891
4017900
4018175
4018851
4020348
4021582
4022743
4022854
4022936
4023223
4023825
4024732
4025047
4026837
4028162
4028221
4028597
4028916
4030233
4030380
4030478
4030845
4031022
4031302
4034198
4035746
4035805
4035851
4035884
4036057
4036242
4036875
4037406
4039616
4039885
4041847
4046254
4046335
4046950
4047932
4048247
4048615
4048666
4049447
4049916
4051709
4052136
4053466
4055340
4059236
4060651
4061149
4061732
4062605
4063036
4063344
4065068
4065637
4067307
4068071
4068501
4069186
4072322
4073169
4075552
4076015
4077615
4078092
4078983
4079913
4082136
4082316
4083342
4083673
4084725
4087554
4088970
4089101
4090083
4091278
4091308
4093205
4095114
4095301
4095541
4095746
4097021
4097726
4099014
4099092
4100756
4102273
4103281
4103490
4103704
4103796
4105171
4106709
4109890
4112343
4112388
4116405
4117548
4118327
4118750
4118785
4119828
4121801
4121883
4121970
4122829
4123843
4124094
4128137
4128772
4131884
4132522
4135632
4137087
4137255
4137533
4139014
4140336
4141273
4141364
4141824
4144553
4146136
4146579
4147194
4147207
4147532
4147581
4151746
4153328
4154324
4154934
4157821
4158653
4159668
4162478
4163014
4163637
4164285
4165018
4166981
4167100
4167283
4168371
4169926
4170520
4171328
4172200
4173153
4173165
4176979
4179436
4179676
4181379
4184032
4185145
4186902
4186934
4188008
4189780
4192445
4193617
4193930
4194323
4194781
4194982
4195878
4196742
4197758
4198859
4198916
4199146
4201266
4203524
4203567
4205908
4206120
4206181
4207042
4207740
4210131
4211862
4212008
4212600
4213247
4219824
4219991
4220771
4221688
4222854
4223040
4224268
4224318
4224701
4224976
4226014
4226082
4226445
4227459
4228181
4228274
4228685
4228773
4229454
4229773
4229818
4230709
4232529
4232554
4233430
4234769
4234823
4237707
4239357
4239925
4241137
4241377
4243996
4244978
4245407
4245754
4246936
4249240
4250196
4250732
4251396
4251410
4251418
4251794
4252319
4252986
4253283
4253366
4255565
4257927
4258093
4258792
4259012
4263597
4263630
4264009
4264055
4264335
4264649
4265102
4265105
4266394
4266876
4267263
4268433
4268455
4268876
4269319
4269639
4269674
4276644
4277117
4277821
4278603
4278942
4279160
4279592
4280385
4281135
4281704
4283521
4283797
4284033
4285182
4287570
4287930
4288828
4288859
4290034
4291134
4291334
4292875
4293204
4293500
4293812
4294096
4294356
4294906
4296478
4297076
4297362
4297827
4297916
4298614
4299312
4299795
4302994
4303280
4304761
4304993
4305428
4305472
4307009
4307550
4309076
4310949
4310967
4314683
4315421
4317280
4317338
4318584
4318919
4320267
4320386
4320741
4322920
4323834
4326766
4328844
4328892
4330510
4331197
4331232
4334376
4335779
4339298
4339613
4340879
4341062
4341871
4342107
4342375
4344838
4345038
4346695
4346796
4348222
4351327
4351424
4352722
4353698
4354827
4356117
4356170
4356574
4357475
4358335
4359964
4360474
4361195
4361231
4361429
4361557
4362031
4363340
4363701
4363724
4366684
4367460
4367904
4368012
4368790
4368833
4370318
4370785
4370872
4372916
4373186
4373813
4373957
4373990
4375861
4377995
4378599
4379077
4380451
4380692
4381097
4382082
4382998
4383856
4392728
4393903
4394891
4397520
4399317
4399518
4399577
4400502
4402106
4404430
4405564
4405883
4408677
4409167
4411602
4411694
4411840
4412701
4415392
4416827
4418001
4420406
4422426
4426232
4426254
4428585
4431859
4433607
4434952
4436973
4437719
4438693
4439850
4440493
4440989
4440990
4441473
4442573
4442898
4443569
4444800
4445671
4447181
4448269
4448288
4448533
4449799
4450170
4450497
4451369
4451631
4452521
4452984
4454711
4455804
4456732
4456740
4457465
4457908
4459677
4465564
4465569
4466287
4466974
4467113
4467570
4469080
4469124
4470440
4470901
4470970
4471138
4472175
4472646
4472923
4473775
4474509
4477517
4478279
4478464
4478467
4479718
4479757
4481313
4482460
4484576
4484586
4486102
4486601
4486612
4486941
4487528
4488132
4488451
4490539
4490934
4491386
4493121
4494677
4496917
4498468
4498553
4500773
4501198
4502773
4503041
4503901
4503922
4504744
4505788
4508509
4509631
4510021
4510302
4514441
4514742
4515234
4516579
4516667
4516913
4519134
4519633
4520197
4522836
4523870
4524169
4524466
4526779
4527525
4527780
4527991
4528233
4528478
4528859
4533336
4534531
4535065
4535781
4536158
4537034
4537755
4537832
4538570
4538627
4539034
4540530
4540896
4542789
4544515
4545428
4549650
4551076
4551515
4552688
4552717
4553313
4554634
4556102
4557626
4561751
4561887
4562092
4563333
4564472
4565200
4566731
4567644
4568499
4570024
4573579
4574822
4574973
4575449
4575661
4578095
4579218
4580219
4580742
4581137
4582407
4584815
4584874
4586321
4591778
4592334
4593001
4593076
4594154
4594926
4594996
4596336
4597608
4599513
4600600
4601339
4601841
4603011
4603457
4604336
4604620
4608827
4612765
4613627
4613682
4618408
4618418
4619108
4619256
4621453
4623147
4625172
4625178
4625397
4626265
4626574
4629805
4630124
4630228
4632634
4633625
4636800
4637142
4637458
4637893
4638173
4641405
4642416
4643001
4644066
4644446
4644970
4645164
4646015
4646179
4646265
4649105
4650981
4651598
4652640
4654475
4656538
4656920
4658132
4659877
4660371
4661789
4661979
4662172
4663453
4663855
4664749
4665154
4665339
4666915
4667086
4667424
4667832
4667874
4668279
4668971
4669503
4671040
4673047
4674306
4675834
4676190
4676200
4676959
4677318
4678133
4678210
4679580
4680552
4681076
4685666
4686355
4687374
4688576
4688919
4690076
4690622
4693182
4693847
4694440
4695380
4696385
4697153
4697196
4699863
4700824
4701311
4701752
4704269
4704364
4705507
4705522
4706004
4707179
4708232
4709546
4709773
4709800
4710152
4710793
4710841
4711644
4711656
4714855
4715776
4716391
4717243
4717506
4718081
4718304
4718354
4718488
4720386
4720947
4721693
4721761
4723415
4723553
4725161
4725725
4726347
4727870
4727901
4729235
4730011
4731698
4735766
4737371
4738295
4739357
4739726
4740158
4740654
4741871
4743154
4743831
4744087
4745700
4745810
4746161
4748305
4748982
4750382
4750728
4750754
4751220
4751611
4752249
4753356
4754701
4756077
4757253
4758567
4758569
4759646
4759662
4761518
4762197
4762446
4764459
4766705
4767669
4770649
4776319
4778941
4779303
4779330
4779722
4780026
4780579
4780878
4781993
4782350
4782567
4782657
4783739
4785594
4786116
4789708
4790722
4795530
4795767
4796640
4797502
4797611
4800777
4803369
4803762
4803920
4804690
4805787
4805922
4806549
4806880
4808369
4809103
4809741
4811182
4811257
4812812
4813705
4813793
4816698
4817019
4818858
4818952
4819657
4823514
4824290
4825502
4826297
4827840
4829507
4831298
4833006
4833157
4833590
4833687
4835449
4835819
4836094
4837696
4840790
4841410
4841579
4844126
4846408
4847706
4848050
4848409
4849614
4849690
4852653
4853513
4854152
4854321
4854608
4855410
4855448
4857593
4858334
4860346
4860370
4861559
4862975
4864053
4864289
4864330
4864451
4864536
4864902
4865597
4866501
4866579
4866655
4866804
4871159
4871751
4871825
4873189
4875254
4876630
4877187
4880997
4883713
4884012
4886111
4886941
4887435
4887438
4887607
4888905
4890434
4892366
4892450
4893033
4893365
4894363
4895292
4896535
4897583
4899057
4899954
4903559
4904858
4906030
4906808
4908049
4908493
4909044
4909103
4910390
4910694
4913125
4914480
4914509
4917472
4917740
4917753
4919306
4920803
4921785
4923819
4924101
4925997
4926750
4926929
4928731
4929307
4929783
4930541
4931958
4932042
4933801
4935046
4937969
4938614
4938946
4939747
4940382
4942478
4943437
4943824
4943841
4944598
4945009
4945354
4945392
4948285
4948691
4949076
4949505
4955551
4956132
4956453
4957009
4957474
4958654
4958839
4958889
4959369
4959424
4960314
4961040
4964203
4964836
4965866
4967491
4967655
4968014
4969066
4969816
4970059
4972213
4973919
4974818
4975147
4975333
4975492
4975515
4976045
4977061
4977167
4977921
4980831
4981291
4983209
4986104
4986294
4986700
4986870
4994208
4994671
4995635
4995688
4997373
4997925
5000302
5000568
5001391
5001606
5003747
5005772
5007579
5007792
5008141
5009241
5009425
5009463
5010016
5010230
5013435
5015066
5016450
5018425
5018659
5022828
5023814
5026529
5027821
5028109
5028389
5028534
5028564
5028607
5028885
5029510
5029667
5029946
5033060
5035093
5035111
5037449
5038096
5039491
5041591
5042603
5042641
5043481
5043885
5043925
5044793
5045627
5047697
5048275
5048522
5048947
5049172
5050486
5050802
5051323
5053152
5054944
5055964
5057030
5057173
5057655
5058668
5062245
5062276
5063932
5069184
5069239
5070611
5072560
5074153
5077239
5077438
5077467
5079997
5084307
5084956
5085779
5087122
5087904
5091314
5091993
5094098
5094714
5095020
5096862
5096896
5096953
5097079
5099719
5100944
5102603
5103381
5104668
5105042
5106021
5106305
5109077
5109093
5109463
5110583
5110588
5112739
5113579
5113800
5114208
5114360
5114791
5115322
5117232
5117430
5117894
5120634
5120830
5122258
5123185
5123212
5123602
5124629
5124633
5126441
5126672
5127456
5133431
5133868
5135150
5135266
5137129
5138701
5139459
5140412
5140979
5142170
5144053
5145196
5147815
5149473
5149854
5151333
5152636
5152868
5153097
5153353
5156766
5157193
5157717
5159106
5159840
5159866
5162061
5162846
5163421
5163543
5164357
5165372
5168974
5169129
5170595
5173625
5175954
5177130
5177528
5178513
5178739
5178830
5180071
5180697
5181011
5182688
5183204
5184173
5184815
5186408
5186902
5188370
5189417
5191388
5192534
5192739
5193523
5193679
5194589
5194861
5198794
5200179
5201078
5201578
5201686
5202231
5204507
5205157
5206864
5207278
5207428
5208419
5208455
5208788
5209538
5210009
5210116
5210164
5212224
5214852
5215498
5216379
5216975
5217036
5217834
5219031
5219111
5220632
5221534
5222325
5223128
5223514
5224079
5224785
5225719
5225822
5226104
5226186
5228727
5229089
5229553
5230476
5231149
5232286
5233107
5233535
5233551
5234451
5235727
5236781
5237082
5238022
5238312
5238638
5239453
5242305
5243861
5244850
5246173
5246323
5247005
5247213
5248028
5248955
5249025
5250020
5250601
5251155
5252740
5254564
5256373
5257533
5259877
5260499
5260547
5260838
5265642
5266936
5266967
5268141
5271973
5272725
5273193
5274135
5274773
5276941
5276964
5277348
5278375
5279664
5280123
5284524
5285256
5285578
5286324
5287379
5290067
5290673
5290861
5290878
5291742
5292617
5293628
5293642
5294543
5294742
5294846
5296623
5298082
5298281
5300301
5302298
5303342
5303968
5304244
5304794
5306110
5308099
5309096
5309158
5309260
5310597
5311641
5312198
5312602
5312817
5314956
5315260
5316203
5316572
5316786
5318718
5320503
5320954
5322676
5324336
5325764
5326911
5327136
5328816
5332850
5335286
5336017
5336217
5340794
5342412
5342688
5346470
5347761
5349686
5350953
5352398
5352645
5353624
5354528
5354961
5355016
5355968
5356286
5357826
5361528
5362086
5362141
5367059
5368137
5369182
5369606
5369926
5370851
5371153
5372564
5373398
5373522
5374113
5375413
5375475
5375545
5375834
5375992
5376342
5376484
5378165
5378637
5378864
5380280
5381536
5383794
5384003
5386005
5386315
5386994
5387153
5389491
5389639
5389930
5390648
5391076
5391296
5392664
5393876
5393906
5394546
5395437
5397139
5401382
5401613
5404053
5404447
5406405
5406529
5409851
5409940
5411541
5412798
5413154
5413326
5414164
5417367
5417602
5417715
5419221
5419919
5420843
5422041
5423192
5423201
5423384
5425537
5427714
5429415
5429724
5433609
5435282
5435493
5436335
5437842
5438347
5438647
5438836
5441360
5442115
5443116
5443232
5443238
5445165
5446295
5446694
5447865
5448810
5449945
5451400
5454053
5455219
5455621
5456026
5456439
5461586
5461668
5463590
5463985
5464292
5466499
5466906
5467765
5467918
5468418
5469172
5469423
5469907
5471012
5471631
5471963
5472245
5472597
5473021
5474064
5475814
5475881
5476133
5476441
5476998
5477080
5477082
5477222
5478738
5480346
5480601
5481159
5483641
5483980
5484956
5486925
5487109
5488109
5488625
5488879
5489976
5491047
5491792
5491870
5492454
5493851
5494824
5497903
5498760
5499015
5501062
5502094
5502962
5503417
5504746
5505527
5505941
5506588
5507609
5508141
5508345
5508432
5508478
5510184
5510582
5512177
5513306
5513459
5517123
5517744
5517969
5518263
5520195
5522829
5522964
5524341
5524915
5525217
5525410
5525645
5527004
5528237
5530332
5530976
5536677
5537125
5539343
5542216
5543950
5544254
5544923
5545830
5546070
5546179
5546429
5547905
5548282
5548546
5548744
5549640
5550260
5550708
5551149
5551316
5552290
5552784
5553083
5554714
5554910
5555336
5555812
5555842
5556482
5557529
5557602
5558225
5558423
5559586
5560222
5561304
5562458
5565161
5565238
5565748
5566195
5566314
5566732
5566759
5567496
5568200
5569718
5573678
5574438
5575949
5578561
5578638
5580680
5581315
5581391
5583157
5583648
5585039
5586443
5586860
5588481
5589105
5589552
5590124
5591218
5592618
5595226
5596408
5596608
5599573
5600865
5601228
5604255
5607091
5608072
5608297
5608782
5609806
5612444
5612624
5613251
5613650
5613758
5615992
5617477
5617956
5618223
5618348
5619432
5619449
5620146
5620875
5621969
5622325
5622432
5622483
5622845
5623502
5623607
5624587
5624626
5626316
5626940
5627331
5627777
5627894
5628122
5629549
5629676
5629936
5630066
5630559
5630571
5631076
5631214
5631327
5632047
5632636
5632849
5635682
5636788
5636969
5637895
5638284
5641994
5642526
5643385
5643949
5645085
5646337
5646717
5647981
5649678
5650417
5651130
5652392
5652568
5653675
5655400
5655648
5656490
5660690
5661795
5662470
5664734
5665091
5666381
5666915
5667213
5667320
5668412
5670677
5670906
5671082
5671693
5673917
5673935
5674011
5674080
5674895
5674918
5675906
5676872
5677425
5678108
5678119
5678556
5678673
5679259
5680066
5680476
5681101
5681271
5681692
5681814
5683500
5683911
5684126
5685281
5685807
5685980
5686471
5686759
5689695
5692156
5694363
5695000
5695322
5695460
5696468
5696549
5699092
5699166
5699185
5700009
5701699
5702355
5703024
5703742
5703791
5704976
5705475
5706082
5706909
5707126
5708243
5710178
5710264
5711528
5712633
5714937
5718242
5718362
5721361
5721886
5723127
5723359
5723890
5725569
5726936
5727067
5728690
5728931
5732917
5733461
5734422
5735014
5737064
5738507
5740821
5741479
5745514
5747231
5749364
5749433
5749513
5751815
5752058
5752522
5752655
5752949
5753057
5753614
5755145
5756501
5756891
5759182
5761019
5761787
5762002
5764094
5764380
5767831
5768788
5768839
5768850
5768978
5769056
5770303
5771298
5772851
5773203
5773665
5774730
5775077
5776463
5778482
5778752
5778780
5778879
5779610
5781125
5781249
5782303
5782922
5783412
5784310
5785902
5785986
5786436
5789072
5793790
5794523
5795634
5795965
5797293
5797788
5800410
5800446
5800831
5800834
5803069
5803671
5804107
5806280
5806843
5810803
5813289
5813313
5814424
5815219
5815601
5819244
5819832
5820556
5820863
5822586
5822684
5824819
5825142
5825347
5825783
5828115
5828155
5828644
5831369
5832981
5833640
5834862
5834980
5836066
5836118
5838932
5841244
5844601
5845770
5846372
5846934
5851654
5851755
5852820
5852891
5853750
5853911
5854555
5855014
5857117
5858748
5859783
5861453
5861568
5862238
5862312
5862534
5863994
5864412
5864705
5866973
5868306
5870419
5872042
5872700
5874340
5878657
5879162
5880401
5880725
5881223
5887048
5887756
5887900
5888409
5890772
5892014
5893070
5893715
5894099
5894717
5894905
5897369
5898052
5898276
5898566
5898975
5900185
5900580
5902244
5904118
5904443
5905579
5907253
5909109
5910910
5911770
5911881
5912010
5912022
5912403
5912793
5913274
5915683
5918807
5918880
5919168
5919934
5920188
5920626
5922937
5924026
5924072
5924530
5924918
5925836
5926389
5926519
5930304
5930766
5932254
5932401
5932404
5932759
5933032
5933035
5933509
5933714
5934594
5935126
5936844
5937988
5938192
5938396
5945777
5949010
5949610
5949868
5952188
5952465
5952517
5952996
5953769
5958074
5958652
5959271
5960466
5961691
5961979
5964218
5966614
5967235
5967244
5967918
5969307
5969890
5972188
5973949
5975470
5975655
5982764
5983073
5985494
5986416
5987452
5989131
5990148
5990275
5990915
5991219
5991583
5993663
5994794
5997059
5997903
5998175
6000055
6000312
6001812
6002643
6003139
6003688
6004821
6006316
6007162
6008105
6008257
6008706
6008929
6010899
6011206
6011484
6011763
6012033
6013469
6015880
6016412
6017358
6018861
6021010
6023494
6024837
6026774
6027740
6028318
6029630
6030354
6033109
6039383
6042691
6042943
6043235
6044119
6046016
6048027
6048777
6049861
6050290
6051491
6052531
6052801
6052829
6052951
6054165
6056701
6057167
6058756
6059791
6060054
6060643
6061835
6062007
6063079
6063889
6065230
6067158
6069319
6070047
6070973
6071168
6072508
6073449
6075352
6078551
6079058
6079066
6079161
6079219
6079728
6079967
6080339
6083005
6083170
6083457
6084000
6085564
6085968
6086553
6086890
6088008
6088142
6089949
6090497
6091091
6094531
6095090
6095558
6096108
6096333
6098835
6099286
6100600
6103155
6103475
6103759
6103827
6103984
6107652
6108239
6109468
6109573
6110661
6111825
6111986
6112160
6112299
6113225
6114842
6117316
6117966
6120725
6126076
6126358
6126413
6127286
6127700
6129407
6130425
6131432
6132026
6132666
6133821
6134328
6136409
6139195
6139294
6139893
6140091
6140876
6141303
6141351
6141388
6141706
6142408
6143061
6143467
6144182
6145884
6148854
6151795
6152136
6153294
6153471
6153585
6155655
6157600
6160088
6162219
6166137
6169474
6169670
6170855
6171596
6174707
6174817
6176506
6177460
6177830
6178024
6178275
6180335
6180911
6182141
6185378
6186291
6188725
6189065
6192286
6192335
6192525
6192652
6194944
6194979
6195782
6195860
6196165
6196319
6197149
6198959
6199587
6199640
6200388
6202607
6202733
6202901
6202971
6204862
6204864
6206235
6206452
6206727
6207084
6209135
6209233
6210116
6213688
6213980
6214081
6214176
6215026
6215613
6216150
6216576
6225170
6225544
6226231
6230017
6230242
6230250
6231143
6233984
6234674
6234997
6235211
6235956
6236197
6236524
6237712
6237978
6238896
6240461
6241975
6242794
6243399
6243545
6243581
6243857
6244004
6252650
6253658
6254209
6254990
6255509
6256035
6261087
6261807
6262160
6263289
6263799
6263858
6264240
6264312
6264693
6265160
6266422
6266739
6266839
6267135
6267626
6268605
6269163
6270154
6270644
6271194
6271567
6271921
6273863
6275553
6275566
6277701
6278198
6279129
6280940
6282334
6282518
6283198
6283215
6287756
6287810
6288174
6288687
6288790
6291083
6292752
6293397
6293479
6293649
6296076
6296141
6296923
6298535
6299669
6299880
6304620
6306314
6307023
6307439
6308685
6310585
6310634
6311354
6311495
6311581
6312252
6312262
6312329
6313682
6313882
6314022
6315616
6315974
6316371
6316721
6317332
6318507
6319433
6321589
6321755
6322329
6323988
6325662
6325665
6326263
6327835
6331578
6331663
6331954
6333247
6333781
6334443
6335784
6335842
6338923
6338937
6339075
6339811
6340022
6340401
6341724
6341937
6344836
6346062
6348420
6350047
6351068
6353404
6354517
6358297
6360092
6361380
6365126
6366449
6367170
6369440
6369858
6372407
6373149
6374008
6374175
6379671
6379929
6380228
6380581
6381530
6381832
6383958
6384167
6385988
6386244
6388215
6388281
6388784
6389394
6389731
6390259
6391003
6391041
6392667
6394061
6394889
6395296
6395707
6398362
6398671
6398860
6398978
6400106
6400381
6400424
6400782
6401015
6402257
6402516
6403142
6403668
6404790
6407809
6411653
6413356
6413562
6413839
6415800
6416366
6416465
6416629
6416939
6421926
6425731
6426389
6427006
6429398
6429469
6429627
6430283
6431065
6431342
6432971
6435379
6436646
6438128
6438131
6438904
6439780
6440813
6442489
6442659
6442944
6443600
6444352
6445041
6446699
6446839
6446882
6447720
6448000
6448231
6448259
6448432
6448494
6448561
6448867
6449226
6450317
6451221
6451660
6452823
6452831
6452880
6452896
6453494
6454344
6454415
6455067
6458172
6458680
6460881
6461421
6462438
6463108
6463912
6466200
6467943
6468348
6468938
6469059
6470154
6472329
6472520
6513268
6530857
6531091
6545880
6567052
6574899
6575506
6581545
6582650
6584391
6586063
6592639
6593766
6593957
6594338
6601215
6604338
6606358
6607191
6607894
6607956
6608607
6608786
6609902
6610908
6612786
6613365
6614064
6614129
6616464
6617005
6617284
6617344
6617582
6617859
6619338
6619882
6623377
6624052
6625102
6625771
6627765
6627814
6628824
6631840
6632248
6632338
6634224
6634992
6635364
6636196
6636635
6637952
6641077
6641448
6641487
6642061
6642468
6643539
6644006
6645067
6645659
6645762
6647206
6647516
6647643
6648034
6648436
6648505
6649070
6649215
6651116
6651350
6652140
6652306
6653209
6657946
6658006
6658416
6658970
6661536
6664139
6664155
6664167
6667174
6669013
6669359
6671079
6671206
6672026
6672041
6672317
6672645
6673802
6674333
6675530
6679391
6679694
6681483
6682770
6684109
6688377
6688870
6689370
6691491
6691643
6694233
6695363
6696681
6697146
6698596
6700286
6701946
6703672
6703918
6705477
6706380
6711507
6712310
6712966
6713043
6716026
6716285
6718795
6719095
6719858
6721672
6721962
6722141
6724240
6726781
6727372
6728338
6729980
6730040
6730535
6733131
6733468
6734984
6735688
6737600
6738526
6740354
6744310
6747739
6749680
6751570
6753112
6753207
6753236
6753345
6753729
6754621
6755511
6755681
6755685
6756698
6758272
6760463
6761208
6761867
6762500
6763358
6763604
6765742
6769297
6770267
6770738
6770891
6772664
6773639
6773927
6775122
6776495
6777482
6777630
6777852
6778584
6779106
6779586
6782552
6784025
6785862
6786372
6786574
6786900
6787499
6788374
6788494
6788626
6789279
6789570
6790068
6790581
6791761
6792548
6792876
6793741
6793893
6793967
6794204
6794786
6794846
6795611
6799260
6799558
6801813
6803359
6807419
6807531
6811635
6811917
6818870
6821341
6822506
6823977
6829125
6829282
6829354
6829955
6835534
6836294
6836437
6836443
6838012
6839149
6842134
6842353
6842648
6842649
6842747
6842825
6842971
6844872
6845608
6846558
6846720
6848049
6850763
6851705
6852307
6853112
6853351
6853770
6854621
6854810
6854883
6855381
6855848
6856084
6856838
6857863
6858582
6859587
6864017
6864556
6864923
6866684
6867064
6867645
6868826
6870059
6870602
6870762
6870802
6871396
6871558
6871620
6872239
6872401
6874878
6877587
6878322
6878536
6878748
6880086
6882858
6885742
6887490
6887686
6888567
6889748
6890474
6893621
6896762
6897774
6898210
6898296
6898901
6899393
6900463
6903459
6903503
6904223
6905580
6905721
6906765
6906841
6907355
6907360
6907637
6909310
6910694
6911603
6911834
6912616
6912898
6914371
6917500
6918357
6919496
6919588
6920566
6921731
6922765
6922921
6924402
6926254
6929186
6929436
6929720
6929910
6930267
6930534
6930821
6930874
6933715
6933817
6933971
6934673
6936346
6937294
6937994
6938654
6938939
6940147
6941174
6942564
6942981
6943484
6945217
6946572
6949946
6953595
6954796
6957198
6957809
6958786
6958814
6959177
6961111
6961881
6962224
6962716
6963765
6964435
6965344
6965416
6966002
6966326
6967050
6968305
6968944
6969100
6969782
6971014
6971177
6973521
6973894
6974042
6974065
6976517
6976747
6977510
6980474
6980994
6981937
6982546
6982624
6984043
6984419
6984478
6984489
6984495
6989115
6989342
6990879
6991207
6992002
6994760
6997859
6998644
7000400
7001335
7002499
7002917
7004125
7004276
7005230
7005347
7005458
7007717
7008365
7009287
7010052
7010792
7011705
7013636
7015727
7017427
7020278
7021343
7023095
7025391
7028975
7029947
7030466
7030545
7030704
7031073
7031525
7032093
7033183
7033882
7035006
7035653
7037687
7038177
7038312
7041325
7042346
7043875
7045000
7049046
7049060
7050431
7051000
7057730
7057905
7058258
7058312
7058754
7059368
7062316
7062793
7064012
7067680
7068570
7069733
7070956
7071682
7071906
7073787
7075425
7076674
7078389
7079716
7082709
7083382
7084037
7084444
7084520
7085455
7085784
7085931
7086573
7088121
7090336
7091866
7092181
7092538
7092885
7093170
7094189
7094409
7095889
7097505
7100817
7102226
7103691
7105842
7110019
7112402
7113588
7116090
7117382
7118924
7119769
7120963
7122672
7123403
7126224
7128226
7129548
7130044
7131123
7131994
7132618
7133763
7133826
7133971
7135591
7136431
7136935
7137181
7138539
7138686
7138878
7139117
7139285
7139752
7140652
7141254
7143769
7144386
7144418
7146341
7146945
7149170
7151535
7151613
7152523
7153259
7155486
7156161
7157934
7159350
7159364
7160072
7161011
7161354
7161817
7162312
7162443
7162653
7163458
7163688
7163852
7165535
7166273
7166757
7167113
7167233
7168504
7168950
7169662
7171822
7171976
7173585
7173669
7174374
7174468
7177491
7178018
7179069
7179161
7181296
7187110
7188567
7189735
7191472
7191500
7192725
7197023
7198314
7198318
7200124
7201324
7202261
7202948
7203384
7203595
7204055
7204141
7204865
7205177
7205247
7207623
7208325
7208411
7210787
7211689
7212791
7216205
7220373
7221906
7222783
7223904
7224659
7225927
7226563
7227445
7227990
7231470
7234681
7236099
7236408
7239998
7241018
7241486
7242101
7243938
7245873
7248045
7248267
7248559
7248748
7250425
7250522
7251368
7251581
7251999
7253274
7254204
7256577
7256886
7256887
7257890
7258346
7259874
7260110
7261172
7261965
7262376
7265701
7266680
7268400
7268757
7270893
7271104
7271241
7272100
7273663
7273793
7274846
7275212
7275462
7276201
7277952
7278436
7278757
7279959
7280229
7280973
7281261
7281652
7282678
7283180
7283683
7283780
7284311
7284345
7284618
7285481
7285864
7286927
7287354
7287730
7292029
7292345
7292651
7293381
7295221
7296030
7296233
7296925
7297135
7297212
7298004
7298676
7300789
7301368
7303187
7304515
7309168
7310233
7310366
7310598
7310617
7310669
7312073
7314708
7314781
7315073
7315492
7316453
7317410
7317795
7317855
7318762
7319556
7320986
7323308
7323552
7324065
7324148
7326020
7327209
7328135
7328604
7329077
7329080
7330005
7330953
7331808
7332778
7333161
7333429
7334069
7337585
7340507
7342039
7342683
7342868
7342968
7344955
7345381
7347613
7348844
7348931
7349081
7349486
7350399
7350985
7352330
7352703
7352911
7353358
7354843
7355219
7355429
7355624
7358663
7359122
7359731
7360172
7360204
7362973
7363011
7363544
7366298
7367836
7369509
7370281
7372820
7373375
7373862
7374798
7379953
7380255
7380538
7381919
7382006
7382007
7382026
7383519
7384684
7385079
7386988
7388141
7390805
7393596
7394874
7395094
7395604
7397050
7398034
7402007
7402722
7402975
7403902
7404856
7405084
7405347
7405897
7406606
7406827
7407251
7409375
7411564
7411682
7412304
7412453
7412706
7413717
7417422
7418337
7418579
7418623
7418664
7419014
7419172
7420216
7422205
7422827
7423619
7424061
7424620
7424786
7425592
7426127
7426422
7427871
7428984
7429767
7432310
7432453
7432931
7432932
7433045
7433970
7434319
7435530
7435625
7436170
7438870
7440361
7440485
7441047
7441865
7443951
7443965
7444719
7445361
7446499
7447005
7447021
7447071
7447085
7447659
7447903
7452131
7452790
7453268
7453389
7453856
7454708
7455716
7457612
7458328
7458888
7459862
7461027
7463620
7463846
7465495
7467415
7471176
7471686
7472276
7476156
7477061
7478663
7479315
7480419
7480455
7481305
7482139
7483304
7484717
7485604
7485946
7486428
7487996
7488322
7488763
7491903
7493934
7495116
7497291
7498508
7499067
7501104
7502408
7503129
7504366
7511655
7513050
7513306
7514041
7514557
7517872
7519550
7520587
7520744
7520991
7521257
7522276
7523121
7524069
7524093
7525121
7525145
7525763
7526904
7527537
7528174
7530319
7531173
7532498
7533666
7535464
7538286
7539622
7539722
7540004
7541205
7541932
7544030
7544734
7544991
7545150
7545204
7547224
7548961
7548997
7550023
7552782
7552991
7554061
7555216
7555517
7558133
7558517
7558557
7558695
7559311
7559332
7559874
7560402
7560427
7560850
7561331
7564222
7564492
7565312
7566828
7566911
7567367
7569352
7570136
7572759
7573018
7575220
7576789
7577591
7578387
7578854
7580065
7581189
7583541
7583657
7584855
7585258
7585440
7585818
7587938
7588177
7588596
7589248
7589419
7589659
7590509
7591580
7592456
7593204
7594523
7594922
7595135
7596454
7599589
7603261
7603445
7604828
7606906
7608350
7608670
7611280
7611493
7612588
7612972
7613113
7614906
7615645
7615827
7616239
7617411
7618003
7618098
7619598
7620780
7621400
7622640
7622938
7629714
7629898
7630792
7634007
7635988
7636633
7637160
7637270
7639957
7640731
7644613
7644841
7644972
7645243
7645278
7646128
7646860
7648949
7650359
7650936
7651881
7652969
7653103
7653891
7655106
7657005
7657985
7658146
7660822
7661779
7663629
7664187
7664233
7665471
7666138
7666217
7666789
7666890
7669345
7670237
7670274
7670389
7670510
7673742
7673860
7674920
7677458
7678812
7678894
7679243
7680449
7680562
7683322
7684604
7688958
7695004
7697091
7701406
7701725
7701977
7704946
7705789
7706714
7707165
7707797
7709962
7711385
7711883
7712060
7712331
7715086
7715473
7716307
7717010
7717387
7718413
7718865
7720404
7720704
7722010
7722937
7723024
7723258
7725467
7726068
7726294
7728075
7729266
7731530
7736233
7737025
7737428
7738219
7739033
7741327
7742555
7747278
7747301
7750516
7752334
7758926
7759912
7760378
7761667
7762493
7763934
7764479
7764546
7766121
7766867
7768314
7768404
7769763
7772380
7772536
7773073
7774037
7777072
7779220
7780391
7781565
7782212
7782343
7782737
7783070
7783119
7784480
7784882
7784948
7785843
7790414
7790911
7801324
7801852
7802295
7802378
7802466
7804343
7808692
7809135
7809436
7810769
7811173
7811664
7812106
7813564
7814337
7816484
7817011
7818852
7820189
7822101
7822980
7824641
7825144
7825697
7826185
7826275
7826284
7826510
7826891
7827173
7827332
7827485
7827820
7828831
7829653
7830483
7831919
7832057
7832116
7833614
7835653
7836103
7836952
7837814
7837911
7840133
7841753
7842081
7842356
7842491
7843317
7844748
7845752
7848627
7850163
7850304
7850632
7850660
7851330
7851982
7852324
7855231
7855400
7856691
7857943
7858755
7860714
7861882
7861946
7862099
7862146
7865535
7865727
7866464
7866510
7867736
7868384
7868841
7870795
7871337
7871724
7871731
7875425
7875630
7876737
7877399
7881146
7882522
7882797
7883633
7884438
7884487
7884649
7885063
7885699
7885782
7885874
7885878
7887005
7887098
7887368
7887714
7888028
7889866
7889944
7890258
7892790
7897087
7897807
7898548
7899333
7899355
7900798
7901338
7902385
7903014
7903108
7904005
7905333
7908061
7910556
7911136
7911471
7912821
7912903
7913039
7914739
7914800
7914848
7915785
7917201
7918274
7918556
7918581
7918813
7919738
7919869
7920684
7921295
7924060
7924152
7925808
7926781
7927180
7927826
7930067
7930282
7930622
7930890
7931053
7931619
7931959
7932314
7936654
7937503
7937647
7937663
7938731
7939543
7940440
7940854
7942104
7942173
7943135
7945121
7945697
7946804
7948010
7949341
7952282
7952411
7952469
7952973
7953802
7955084
7956294
7957367
7958899
7959468
7961745
7961899
7962002
7962300
7963229
7963607
7965061
7965623
7965656
7966346
7966916
7967781
7968152
7968171
7968673
7969141
7970750
7971172
7971526
7973524
7977156
7977444
7979813
7980515
7981682
7982004
7982839
7984181
7984811
7986442
7987424
7987865
7988537
7988968
7990405
7990640
7991389
7993867
7993951
7994936
8000995
8002228
8002539
8003456
8004278
8007423
8007965
8009403
8010379
8010908
8013836
8013955
8014455
8016425
8016957
8016959
8017515
8017538
8018810
8018924
8019471
8020543
8020761
8022656
8023806
8024416
8025690
8026280
8029135
8030627
8032668
8033284
8033708
8033722
8035219
8037211
8041621
8041814
8043010
8046504
8049166
8049803
8050291
8050783
8055926
8056138
8058702
8062475
8062820
8063250
8065615
8067300
8068781
8069567
8070297
8070668
8075574
8075611
8075810
8075877
8076198
8077619
8080862
8081416
8083386
8084782
8085019
8085445
8086337
8087141
8087875
8088083
8088687
8089168
8090434
8091361
8091638
8091739
8102249
8104898
8107035
8107794
8110546
8111137
8112533
8114719
8115246
8116614
8117287
8118091
8122070
8123331
8123338
8125525
8126996
8128139
8129648
8130793
8130830
8131643
8132167
8133213
8133528
8133904
8136920
8139656
8142764
8143643
8145656
8146596
8147307
8147697
8149185
8150487
8150942
8151588
8153348
8153814
8154929
8155880
8156412
8156425
8158395
8160324
8161634
8161938
8162551
8165287
8165949
8166545
8166769
8166893
8168994
8169378
8170753
8170962
8170988
8172465
8172565
8173080
8178277
8179218
8179476
8180396
8180565
8182976
8187255
8187569
8188648
8194201
8194266
8195045
8195548
8201066
8201511
8201809
8202078
8206501
8208989
8210446
8212256
8217316
8218315
8219878
8221028
8224635
8225098
8227862
8230276
8230842
8230852
8232558
8232724
8234612
8235833
8236949
8238140
8241151
8242922
8244187
8244743
8246586
8248796
8249531
8249932
8250768
8261551
8262347
8264987
8266105
8269569
8270085
8273636
8278880
8279506
8280866
8281014
8282133
8284623
8284717
8285151
8285353
8285784
8287658
8287725
8288521
8295327
8297567
8300353
8300538
8301252
8301314
8302825
8303888
8304892
8305562
8305680
8306247
8306768
8307844
8310143
8310590
8311856
8313475
8314468
8315783
8317831
8318519
8318688
8321281
8321768
8323923
8327819
8328307
8328694
8330006
8330473
8332126
8332278
8335011
8335534
8336514
8336786
8338924
8338962
8341653
8344031
8346111
8347007
8347152
8347424
8350513
8351440
8351575
8352924
8354891
8356054
8357993
8358863
8361664
8362793
8364608
8365162
8367375
8367633
8368673
8369928
8377331
8379660
8379856
8380189
8380410
8383665
8384915
8385621
8386618
8389713
8389980
8393193
8393801
8396295
8396680
8396847
8397802
8398418
8400269
8400428
8401816
8403186
8403547
8403596
8406995
8407132
8407284
8408879
8409741
8409825
8411447
8412605
8412765
8414182
8415053
8416123
8420547
8421488
8421960
8422623
8423707
8424017
8424038
8424953
8425145
8425872
8428532
8428870
8428927
8430207
8430625
8430652
8434047
8434092
8434392
8436033
8436642
8437027
8437474
8437638
8437724
8439703
8440167
8440248
8440256
8440343
8440400
8441541
8442096
8442271
8442284
8442523
8442816
8443046
8443766
8444148
8444396
8444872
8445549
8445861
8446016
8446074
8447241
8447729
8448972
8450859
8452099
8454361
8455465
8460076
8460183
8461403
8461584
8465262
8466456
8471590
8471750
8475079
8480202
8481611
8482110
8483185
8483714
8484810
8484843
8484909
8486925
8489832
8490115
8490193
8491141
8492066
8495856
8498404
8499175
8500089
8501499
8502990
8503008
8503759
8504952
8505733
8506682
8507151
8507343
8507384
8509881
8510828
8510961
8511375
8513596
8513677
8515045
8515248
8515602
8516713
8518518
8518754
8519073
8519080
8520064
8520271
8520556
8521831
8521991
8522017
8522976
8524129
8524975
8525097
8525852
8526041
8526497
8527097
8529327
8529954
8530232
8531146
8531183
8531367
8531424
8531906
8534038
8534134
8535161
8535998
8536014
8536713
8538343
8538520
8538756
8539029
8539047
8540432
8540471
8541040
8543496
8543507
8544413
8547548
8549372
8549991
8550925
8552758
8554333
8555368
8557178
8558620
8559665
8560144
8561261
8561657
8562081
8562950
8564065
8565396
8565939
8567716
8568507
8571905
8572817
8573020
8574884
8576979
8581693
8582142
8583699
8584223
8584386
8585100
8585494
8585643
8585922
8585976
8588020
8588458
8588493
8589129
8589654
8592471
8592584
8593196
8593552
8595053
8597034
8597336
8597601
8597882
8598560
8598633
8602437
8603539
8604314
8604394
8606750
8607168
8607724
8608497
8610141
8610436
8612791
8613027
8614223
8614544
8615621
8616661
8617415
8618644
8619584
8620895
8622400
8622645
8623873
8626201
8626950
8628350
8628939
8629182
8629790
8630162
8630473
8632896
8632990
8637878
8638474
8638874
8639797
8642213
8642502
8642714
8643578
8643863
8644480
8644907
8645088
8645149
8645202
8646241
8648887
8649098
8651886
8652119
8652984
8656100
8656854
8656871
8657066
8660007
8660626
8662024
8662910
8663852
8665703
8667219
8667423
8667476
8669605
8673210
8673557
8678218
8678437
8678902
8680551
8681346
8681975
8684398
8684971
8690004
8691195
8692002
8692188
8692942
8693911
8694457
8695513
8695524
8695878
8696808
8697427
8697666
8699700
8700306
8700736
8702693
8703176
8704363
8705007
8707267
8707868
8708339
8708462
8709416
8710202
8711163
8711358
8712608
8714229
8716891
8716911
8717307
8717989
8718197
8718305
8719271
8722279
8722935
8723453
8723747
8724168
8725930
8726398
8728031
8728329
8728380
8729239
8730019
8730486
8730715
8732239
8734261
8734295
8736315
8739280
8739651
8739924
8741471
8742651
8742730
8742956
8745739
8745890
8746703
8747598
8747837
8750030
8750036
8751777
8752128
8752295
8752763
8753037
8753794
8756747
8758036
8758207
8760448
8760662
8760799
8761119
8761686
8763967
8765010
8765767
8765881
8767132
8768330
8768597
8768812
8769573
8770145
8772248
8772346
8772991
8774352
8775924
8775955
8777243
8777324
8779121
8779669
8779701
8779883
8781563
8782237
8782581
8782630
8783064
8783160
8783345
8785602
8787154
8789706
8790525
8790824
8790854
8791215
8794442
8794755
8796881
8796921
8797056
8797092
8797128
8797808
8798728
8799840
8799951
8800906
8801486
8801568
8804368
8804394
8804975
8809941
8809953
8810191
8810289
8812065
8812104
8815698
8816613
8816976
8818205
8820022
8821165
8822032
8824319
8824579
8825155
8826139
8826927
8827384
8828588
8829211
8829371
8829496
8832307
8832368
8832579
8833264
8833498
8834243
8834329
8834864
8835684
8836182
8836727
8836939
8837914
8839937
8840236
8840358
8841037
8841452
8842441
8842448
8842501
8842981
8843053
8844161
8844991
8845809
8847381
8850131
8850137
8850448
8851727
8851969
8851979
8852069
8852439
8852771
8852967
8854017
8856625
8856987
8858144
8858237
8859525
8860341
8861094
8861883
8862458
8862575
8862621
8863946
8864093
8864982
8865126
8866027
8866726
8866832
8867044
8867180
8868048
8868281
8868962
8869112
8869724
8870688
8872081
8872603
8872664
8872941
8875523
8875588
8876525
8876895
8877116
8877905
8878925
8879010
8880109
8881228
8881607
8881686
8881829
8881911
8882802
8883155
8883253
8884108
8886896
8887665
8887816
8891172
8892447
8894777
8895110
8896384
8896905
8897621
8897695
8898785
8899412
8901030
8901656
8901804
8901935
8905427
8906082
8906438
8906515
8906517
8906708
8908008
8908485
8908804
8909366
8910290
8910574
8912202
8912266
8912938
8914496
8917259
8917923
8918099
8919533
8919905
8920726
8920958
8921362
8921418
8921654
8921920
8922109
8922857
8924175
8924473
8926400
8927073
8929678
8930779
8932036
8933318
8933747
8934369
8935996
8937511
8938464
8938989
8939077
8939351
8940912
8941846
8942092
8943716
8945701
8946600
8947257
8948560
8948750
8950091
8950509
8954966
8956893
8957680
8959767
8960053
8960182
8961400
8962709
8962950
8965434
8969845
8969880
8970609
8971377
8972103
8972473
8972847
8973994
8974536
8975410
8976413
8976477
8977198
8979296
8979303
8979584
8980176
8981529
8981532
8982916
8982919
8983615
8983662
8983969
8984266
8987508
8988389
8988962
8988966
8989961
8991348
8992375
8992658
8996133
8996432
8997217
8997337
8997874
8998695
8998793
8998969
8999893
9000667
9000896
9001499
9003263
9004659
9005564
9006532
9007760
9008097
9009279
9010876
9010899
9013649
9015371
9016754
9017975
9019086
9019312
9019393
9020781
9020792
9025066
9025429
9025955
9027332
9028392
9028522
9028571
9029225
9029478
9031638
9031687
9031751
9033183
9033332
9033604
9034419
9034752
9035775
9036071
9039606
9040358
9040426
9041097
9041835
9041854
9041918
9042371
9043051
9044503
9044767
9045993
9047750
9048878
9048902
9052071
9054675
9056572
9059273
9059342
9059612
9061571
9062077
9062313
9064961
9066106
9066159
9066256
9067554
9067609
9068249
9068265
9068360
9069269
9069576
9070410
9072014
9072536
9072642
9073326
9073910
9074831
9074934
9076461
9079206
9079571
9080409
9081553
9082697
9083031
9085088
9086047
9090037
9093011
9093741
9097481
9097501
9098943
9101992
9102771
9103004
9105676
9107312
9108060
9108450
9110120
9111309
9111802
9112634
9112975
9113539
9114746
9115019
9115142
9116438
9116541
9116620
9116841
9118557
9120043
9120087
9121143
9122603
9123686
9124178
9124406
9124929
9126540
9126595
9129717
9131015
9131917
9132641
9134557
9134994
9135743
9136798
9139303
9139706
9140373
9140840
9141175
9141777
9143324
9143423
9143618
9143677
9144158
9144399
9145513
9147720
9148515
9148856
9150281
9150361
9151775
9153078
9153222
9154225
9154804
9154861
9155446
9157747
9158045
9158091
9158719
9159484
9159585
9159782
9161535
9162706
9162951
9163611
9165001
9165217
9165730
9168677
9168739
9169131
9169397
9170264
9170869
9171603
9171604
9171706
9171799
9173125
9174597
9175520
9176957
9177412
9177589
9178276
9179314
9179727
9180375
9181467
9181510
9181900
9182592
9183559
9185962
9186452
9187267
9187699
9187856
9188733
9189010
9189533
9189907
9190418
9194739
9194765
9195252
9195909
9196507
9196949
9197349
9197710
9198808
9199448
9199772
9201215
9201289
9202922
9202941
9203457
9203821
9204590
9205437
9205502
9205658
9208068
9208756
9209851
9210695
9210726
9210945
9211295
9211378
9211493
9212264
9213350
9214665
9215503
9215702
9219943
9221082
9222020
9222816
9223081
9224007
9224468
9224797
9225007
9226703
9227024
9227311
9227448
9227656
9227923
9229234
9229358
9230239
9230383
9231662
9232303
9232572
9232811
9232827
9233051
9233918
9234166
9234223
9234558
9234629
9235148
9235536
9235820
9236868
9237041
9238585
9240021
9241038
9242188
9243079
9244145
9244371
9244709
9246172
9246342
9246883
9247591
9247913
9248264
9248529
9248547
9249401
9249757
9250178
9250903
9251069
9252487
9252705
9252760
9252972
9253106
9253137
9253712
9253758
9256817
9257272
9258030
9259226
9259745
9259793
9260187
9260458
9262795
9263074
9263272
9263733
9264410
9264765
9265875
9266361
9266480
9266714
9266859
9267638
9267785
9268068
9268696
9268788
9268855
9270262
9270941
9271216
9271257
9271667
9272739
9272797
9272960
9273145
9273517
9273561
9273856
9274469
9275707
9277014
9277304
9277473
9277647
9277790
9278489
9278811
9279713
9280152
9280359
9280782
9280820
9281668
9282906
9282931
9282974
9283266
9283275
9283367
9283539
9283808
9285136
9285539
9286094
9286398
9287160
9288244
9288437
9288913
9289186
9289353
9289509
9291866
9291957
9292351
9292415
9292950
9293061
9293209
9293504
9293781
9293830
9294909
9297633
9297753
9298097
9298137
9298211
9298251
9298610
9299220
9299709
9299985
9300655
9300685
9301605
9302534
9302633
9302913
9302979
9303133
9303301
9303304
9304562
9304589
9304884
9305597
9306137
9306140
9306566
9307143
9307783
9309381
9309464
9310941
9311332
9311452
9311581
9312226
9312588
9312645
9313591
9313818
9314041
9314357
9314399
9314822
9314981
9315098
9315118
9316266
9317399
9320001
9320032
9320333
9323956
9332231
9335746
9352226
9352417
9356035
9358949
9363822
9372098
9372167
9373730
9380291
9382525
9384329
9392523
9396261
9398757
9419487
9423313
9424564
9425692
9428367
9432339
9435110
9436341
9440626
9445995
9449160
9450348
9457430
9457670
9458080
9461684
9462844
9466935
9469348
9470347
9471031
9471896
9473228
9475677
9476080
9479144
9480907
9481044
9486266
9486311
9490618
9492241
9492531
9496128
9498519
9499564
9499569
9501219
9501687
9502947
9504274
9505075
9505876
9508779
9509332
9509450
9509884
9510518
9511138
9511576
9511728
9511943
9512974
9514246
9515540
9518673
9519130
9520493
9521000
9522706
9523316
9523929
9526265
9526384
9526480
9526508
9527752
9527807
9528894
9530136
9531405
9534651
9537321
9538397
9538752
9541253
9542265
9544317
9544770
9544784
9547049
9547052
9547561
9549141
9552587
9553723
9554120
9554757
9554886
9555795
9556737
9556947
9557151
9557319
9558357
9559317
9559332
9559545
9560206
9560226
9560940
9561517
9561724
9562065
9562244
9563439
9563482
9564009
9564449
9564883
9566787
9568006
9569259
9569636
9573469
9575501
9576899
9576939
9579134
9579695
9580695
9586208
9586568
9586837
9588437
9590522
9591717
9591870
9594279
9595194
9595338
9597098
9601802
9601851
9602421
9603516
9604421
9604926
9607892
9619140
9625809
9627395
9627530
9631839
9634284
9638606
9640496
9642209
9644838
9648214
9650142
9652765
9654900
9656429
9657482
9657512
9660677
9662946
9663382
9664265
9668498
9672767
9678257
9679846
9680838
9687302
9690111
9692225
9693615
9694006
9694196
9695734
9696035
9698636
9698760
9699615
9700103
9700512
9701517
9701628
9705373
9705503
9706140
9706858
9707367
9707523
9708295
9709076
9709272
9713056
9714851
9714914
9715058
9715126
9715372
9715969
9716794
9717460
9717512
9720496
9720645
9721811
9726447
9727648
9727784
9728944
9729481
9729794
9730476
9731355
9732125
9732421
9734553
9734637
9734892
9735539
9736083
9736259
9737753
9738617
9739510
9739745
9740423
9742036
9742367
9742379
9742666
9743438
9743440
9744406
9745437
9745649
9745685
9746245
9746642
9746750
9746895
9747214
9747762
9749199
9750431
9750464
9750514
9751013
9753638
9754435
9755877
9756059
9757799
9757859
9758328
9758393
9758537
9758821
9759074
9759932
9760030
9760185
9760408
9760799
9760892
9761260
9761407
9761458
9761767
9762449
9763370
9764935
9764982
9766074
9766801
9767084
9767259
9768128
9768234
9768256
9769310
9769675
9770134
9770649
9770842
9771102
9771956
9771977
9772207
9772434
9773196
9773214
9773435
9773705
9774110
9774324
9774436
9774751
9774829
9775650
9776234
9776850
9776874
9776947
9777026
9778522
9778706
9778878
9779269
9779279
9780159
9780237
9780361
9780413
9780479
9780567
9780578
9780579
9781029
9781176
9781184
9781317
9781357
9781582
9781591
9781686
9781708
9782461
9782507
9782518
9783139
9783140
9783172
9783299
9783387
9783667
9784933
9784974
9785100
9786202
9786445
9786989
9787232
9787641
9787839
9788248
9788329
9788333
9788426
9788452
9788479
9788543
9788559
9788625
9789264
9789473
9790007
9790072
9790101
9790342
9790458
9790527
9790545
9790554
9790832
9790895
9790913
9791039
9791069
9791219
9791291
9791356
9791476
9791562
9791677
9791682
9791696
9791733
9791861
9791902
9791910
9791921
9792032
9792048
9792249
9792273
9792390
9792463
9792611
9792712
9792768
9792835
9792908
9793060
9793092
9793177
9793190
9793237
9793271
9793280
9793323
9793437
9793438
9793457
9793511
9793760
9793772
9793806
9793880
9794063
9794231
9794270
9794434
9794482
9794966
9794980
9795020
9795210
9795229
9795453
9795571
9795646
9795667
9795888
9795987
9796072
9796074
9796079
9796117
9796186
9796256
9796263
9796267
9796269
9796299
9796339
9796349
9796375
9796404
9796417
9796719
9796881
9796919
9796929
9797004
9797094
9797098
9797124
9797143
9797263
9797311
9797393
9797395
9797433
9797503
9797580
9797687
9797919
9797935
9797963
9798087
9798089
9798096
9798177
9798212
9798237
9798271
9798280
9798390
9798439
9798512
9798575
9799153
9799285
9799318
9799325
9799360
9799560
9799686
9799690
9799851
9799945
9799991
9800058
9800132
9800442
9800671
9800714
9800828
9801197
9801603
9801607
9801740
9801873
9801930
9802012
9802108
9802134
9802161
9802177
9802292
9802324
9802329
9802363
9802499
9802600
9802644
9802757
9802777
9802790
9802818
9802844
9802939
9802953
9803124
9803195
9803222
9803233
9803237
9803249
9803341
9803371
9803391
9803424
9803460
9803485
9803521
9803536
9803546
9803649
9803714
9803716
9803719
9803727
9803753
9803758
9803811
9803829
9803832
9803865
9803907
9803922
9803933
9803980
9804083
9804140
9804187
9804195
9804220
9804222
9804231
9804256
9804384
9804387
9804388
9804431
9804459
9804476
9804514
9804525
9804540
9804565
9804607
9804616
9804618
9804644
9804649
9804658
9804665
9804682
9804697
9804699
9804701
9804702
9804705
9804710
9804742
9804748
9804760
9804785
9804793
9804820
9804854
9804862
9804871
9804873
9804876
9804878
9804888
9804928
9804938
9804982
9804986
9805007
9805014
9805033
9805047
9805050
9805087
9805108
9805121
9805124
9805127
9805129
9805133
9805136
9805150
9805152
9805156
9805158
9805169
9805178
9805208
9805212
9805224
9805264
9805289
9805299
9805306
9805329
9805342
9805343
9805353
9805356
9805358
9805366
9805367
9805369
9805371
9805374
9805382
9805383
9805395
9805396
9805397
9805398
9805399
9805400
9805401
9805402
9805403
9805404
9805405
9805406
9805407
9805408
9805409
9805410
9805411
9805412
9805413
9805414
9805415
9805416
9805417
9805418
9805419
9805420
9805421
9805422
9805423
9805424
9805425
9805426
9805427
9805428
9805429
9805430
9805431
9805432
9805433
9805434
9805435
9805436
9805437
9805438
9805439
9805440
9805441
9805442
9805443
9805444
9805445
9805446
9805447
9805448
9805449
9805450
9805451
9805452
9805453
9805454
9805455
9805456
9805457
9805458
9805459
9805460
9805461
9805462
9805463
9805464
9805465
9805466
9805467
9805468
9805469
9805470
9805471
9805472
9805473
9805474
9805475
9805476
9805477
9805478
9805479
9805480
9805481
9805482
9805483
9805484
9805485
9805486
9805487
9805488
9805489
9805490
9805491
9805492
9805493
9805494
